0.000000 1.000000
0.025000 1.000000
0.075000 1.000000
0.125000 1.000000
0.175000 1.000000
0.225000 1.000000
0.275000 1.000000
0.325000 1.000000
0.375000 1.000000
0.425000 1.000000
0.475000 1.000000
0.525000 1.000000
0.575000 1.000000
0.625000 1.000000
0.675000 1.000000
0.725000 1.000000
0.775000 1.000000
0.825000 1.000000
0.875000 1.000000
0.925000 1.000000
0.975000 1.000000
1.025000 1.000000
1.075000 1.000000
1.125000 1.000000
1.175000 1.000000
1.225000 1.000000
1.275000 1.000000
1.325000 1.000000
1.375000 1.000000
1.425000 1.000000
1.475000 1.000000
1.525000 1.000000
1.575000 1.000000
1.625000 1.000000
1.675000 1.000000
1.725000 1.000000
1.775000 1.000000
1.825000 1.000000
1.875000 1.000000
1.925000 1.000000
1.975000 1.000000
2.025000 1.000000
2.075000 1.000000
2.125000 1.000000
2.175000 1.000000
2.225000 1.000000
2.275000 1.000000
2.325000 1.000000
2.375000 1.000000
2.425000 1.000000
2.475000 1.000000
2.525000 1.000000
2.575000 1.000000
2.625000 1.000000
2.675000 1.000000
2.725000 1.000000
2.775000 1.000000
2.825000 1.000000
2.875000 1.000000
2.925000 1.000000
2.975000 1.000000
3.025000 1.000000
3.075000 1.000000
3.125000 1.000000
3.175000 1.000000
3.225000 1.000000
3.275000 1.000000
3.325000 1.000000
3.375000 1.000000
3.425000 1.000000
3.475000 1.000000
3.525000 1.000000
3.575000 1.000000
3.625000 1.000000
3.675000 1.000000
3.725000 1.000000
3.775000 1.000000
3.825000 1.000000
3.875000 1.000000
3.925000 1.000000
3.975000 1.000000
4.025000 1.000000
4.075000 1.000000
4.125000 1.000000
4.175000 1.000000
4.225000 1.000000
4.275000 1.000000
4.325000 1.000000
4.375000 1.000000
4.425000 1.000000
4.475000 1.000000
4.525000 1.000000
4.575000 1.000000
4.625000 1.000000
4.675000 1.000000
4.725000 1.000000
4.775000 1.000000
4.825000 1.000000
4.875000 1.000000
4.925000 1.000000
4.975000 1.000000
5.025000 1.000000
5.075000 1.000000
5.125000 1.000000
5.175000 1.000000
5.225000 1.000000
5.275000 1.000000
5.325000 1.000000
5.375000 1.000000
5.425000 1.000000
5.475000 1.000000
5.525000 1.000000
5.575000 1.000000
5.625000 1.000000
5.675000 1.000000
5.725000 1.000000
5.775000 1.000000
5.825000 1.000000
5.875000 1.000000
5.925000 1.000000
5.975000 1.000000
6.025000 1.000000
6.075000 1.000000
6.125000 1.000000
6.175000 1.000000
6.225000 1.000000
6.275000 1.000000
6.325000 1.000000
6.375000 1.000000
6.425000 1.000000
6.475000 1.000000
6.525000 1.000000
6.575000 1.000000
6.625000 1.000000
6.675000 1.000000
6.725000 1.000000
6.775000 1.000000
6.825000 1.000000
6.875000 1.000000
6.925000 1.000000
6.975000 1.000000
7.025000 1.000000
7.075000 1.000000
7.125000 1.000000
7.175000 1.000000
7.225000 1.000000
7.275000 1.000000
7.325000 1.000000
7.375000 1.000000
7.425000 1.000000
7.475000 1.000000
7.525000 1.000000
7.575000 1.000000
7.625000 1.000000
7.675000 1.000000
7.725000 1.000000
7.775000 1.000000
7.825000 1.000000
7.875000 1.000000
7.925000 1.000000
7.975000 1.000000
8.025000 1.000000
8.075000 1.000000
8.125000 1.000000
8.175000 1.000000
8.225000 1.000000
8.275000 1.000000
8.325000 1.000000
8.375000 1.000000
8.425000 1.000000
8.475000 1.000000
8.525000 1.000000
8.575000 1.000000
8.625000 1.000000
8.675000 1.000000
8.725000 1.000000
8.775000 1.000000
8.825000 1.000000
8.875000 1.000000
8.925000 1.000000
8.975000 1.000000
9.025000 1.000000
9.075000 1.000000
9.125000 1.000000
9.175000 1.000000
9.225000 1.000000
9.275000 1.000000
9.325000 1.000000
9.375000 1.000000
9.425000 1.000000
9.475000 1.000000
9.525000 1.000000
9.575000 1.000000
9.625000 1.000000
9.675000 1.000000
9.725000 1.000000
9.775000 1.000000
9.825000 1.000000
9.875000 1.000000
9.925000 1.000000
9.975000 1.000000
10.025000 1.000000
10.075000 1.000000
10.125000 1.000000
10.175000 1.000000
10.225000 1.000000
10.275000 1.000000
10.325000 1.000000
10.375000 1.000000
10.425000 1.000000
10.475000 1.000000
10.525000 1.000000
10.575000 1.000000
10.625000 1.000000
10.675000 1.000000
10.725000 1.000000
10.775000 1.000000
10.825000 1.000000
10.875000 1.000000
10.925000 1.000000
10.975000 1.000000
11.025000 1.000000
11.075000 1.000000
11.125000 1.000000
11.175000 1.000000
11.225000 1.000000
11.275000 1.000000
11.325000 1.000000
11.375000 1.000000
11.425000 1.000000
11.475000 1.000000
11.525000 1.000000
11.575000 1.000000
11.625000 1.000000
11.675000 1.000000
11.725000 1.000000
11.775000 1.000000
11.825000 1.000000
11.875000 1.000000
11.925000 1.000000
11.975000 1.000000
12.025000 1.000000
12.075000 1.000000
12.125000 1.000000
12.175000 1.000000
12.225000 1.000000
12.275000 1.000000
12.325000 1.000000
12.375000 1.000000
12.425000 1.000000
12.475000 1.000000
12.525000 1.000000
12.575000 1.000000
12.625000 1.000000
12.675000 1.000000
12.725000 1.000000
12.775000 1.000000
12.825000 1.000000
12.875000 1.000000
12.925000 1.000000
12.975000 1.000000
13.025000 1.000000
13.075000 1.000000
13.125000 1.000000
13.175000 1.000000
13.225000 1.000000
13.275000 1.000000
13.325000 1.000000
13.375000 1.000000
13.425000 1.000000
13.475000 1.000000
13.525000 1.000000
13.575000 1.000000
13.625000 1.000000
13.675000 1.000000
13.725000 1.000000
13.775000 1.000000
13.825000 1.000000
13.875000 1.000000
13.925000 1.000000
13.975000 1.000000
14.025000 1.000000
14.075000 1.000000
14.125000 1.000000
14.175000 1.000000
14.225000 1.000000
14.275000 1.000000
14.325000 1.000000
14.375000 1.000000
14.425000 1.000000
14.475000 1.000000
14.525000 1.000000
14.575000 1.000000
14.625000 1.000000
14.675000 1.000000
14.725000 1.000000
14.775000 1.000000
14.825000 1.000000
14.875000 1.000000
14.925000 1.000000
14.975000 1.000000
15.025000 1.000000
15.075000 1.000000
15.125000 1.000000
15.175000 1.000000
15.225000 1.000000
15.275000 1.000000
15.325000 1.000000
15.375000 1.000000
15.425000 1.000000
15.475000 1.000000
15.525000 1.000000
15.575000 1.000000
15.625000 1.000000
15.675000 1.000000
15.725000 1.000000
15.775000 1.000000
15.825000 1.000000
15.875000 1.000000
15.925000 1.000000
15.975000 1.000000
16.025000 1.000000
16.075000 1.000000
16.125000 1.000000
16.175000 1.000000
16.225000 1.000000
16.275000 1.000000
16.325000 1.000000
16.375000 1.000000
16.425000 1.000000
16.475000 1.000000
16.525000 1.000000
16.575000 1.000000
16.625000 1.000000
16.675000 1.000000
16.725000 1.000000
16.775000 1.000000
16.825000 1.000000
16.875000 1.000000
16.925000 1.000000
16.975000 1.000000
17.025000 1.000000
17.075000 1.000000
17.125000 1.000000
17.175000 1.000000
17.225000 1.000000
17.275000 1.000000
17.325000 1.000000
17.375000 1.000000
17.425000 1.000000
17.475000 1.000000
17.525000 1.000000
17.575000 1.000000
17.625000 1.000000
17.675000 1.000000
17.725000 1.000000
17.775000 1.000000
17.825000 1.000000
17.875000 1.000000
17.925000 1.000000
17.975000 1.000000
18.025000 1.000000
18.075000 1.000000
18.125000 1.000000
18.175000 1.000000
18.225000 1.000000
18.275000 1.000000
18.325000 1.000000
18.375000 1.000000
18.425000 1.000000
18.475000 1.000000
18.525000 1.000000
18.575000 1.000000
18.625000 1.000000
18.675000 1.000000
18.725000 1.000000
18.775000 1.000000
18.825000 1.000000
18.875000 1.000000
18.925000 1.000000
18.975000 1.000000
19.025000 1.000000
19.075000 1.000000
19.125000 1.000000
19.175000 1.000000
19.225000 1.000000
19.275000 1.000000
19.325000 1.000000
19.375000 1.000000
19.425000 1.000000
19.475000 1.000000
19.525000 1.000000
19.575000 1.000000
19.625000 1.000000
19.675000 1.000000
19.725000 1.000000
19.775000 1.000000
19.825000 1.000000
19.875000 1.000000
19.925000 1.000000
19.975000 1.000000
20.025000 1.000000
20.075000 1.000000
20.125000 1.000000
20.175000 1.000000
20.225000 1.000000
20.275000 1.000000
20.325000 1.000000
20.375000 1.000000
20.425000 1.000000
20.475000 1.000000
20.525000 1.000000
20.575000 1.000000
20.625000 1.000000
20.675000 1.000000
20.725000 1.000000
20.775000 1.000000
20.825000 1.000000
20.875000 1.000000
20.925000 1.000000
20.975000 1.000000
21.025000 1.000000
21.075000 1.000000
21.125000 1.000000
21.175000 1.000000
21.225000 1.000000
21.275000 1.000000
21.325000 1.000000
21.375000 1.000000
21.425000 1.000000
21.475000 1.000000
21.525000 1.000000
21.575000 1.000000
21.625000 1.000000
21.675000 1.000000
21.725000 1.000000
21.775000 1.000000
21.825000 1.000000
21.875000 1.000000
21.925000 1.000000
21.975000 1.000000
22.025000 1.000000
22.075000 1.000000
22.125000 1.000000
22.175000 1.000000
22.225000 1.000000
22.275000 1.000000
22.325000 1.000000
22.375000 1.000000
22.425000 1.000000
22.475000 1.000000
22.525000 1.000000
22.575000 1.000000
22.625000 1.000000
22.675000 1.000000
22.725000 1.000000
22.775000 1.000000
22.825000 1.000000
22.875000 1.000000
22.925000 1.000000
22.975000 1.000000
23.025000 1.000000
23.075000 1.000000
23.125000 1.000000
23.175000 1.000000
23.225000 1.000000
23.275000 1.000000
23.325000 1.000000
23.375000 1.000000
23.425000 1.000000
23.475000 1.000000
23.525000 1.000000
23.575000 1.000000
23.625000 1.000000
23.675000 1.000000
23.725000 1.000000
23.775000 1.000000
23.825000 1.000000
23.875000 1.000000
23.925000 1.000000
23.975000 1.000000
24.025000 1.000000
24.075000 1.000000
24.125000 1.000000
24.175000 1.000000
24.225000 1.000000
24.275000 1.000000
24.325000 1.000000
24.375000 1.000000
24.425000 1.000000
24.475000 1.000000
24.525000 1.000000
24.575000 1.000000
24.625000 1.000000
24.675000 1.000000
24.725000 1.000000
24.775000 1.000000
24.825000 1.000000
24.875000 1.000000
24.925000 1.000000
24.975000 1.000000
25.025000 1.000000
25.075000 1.000000
25.125000 1.000000
25.175000 1.000000
25.225000 1.000000
25.275000 1.000000
25.325000 1.000000
25.375000 1.000000
25.425000 1.000000
25.475000 1.000000
25.525000 1.000000
25.575000 1.000000
25.625000 1.000000
25.675000 1.000000
25.725000 1.000000
25.775000 1.000000
25.825000 1.000000
25.875000 1.000000
25.925000 1.000000
25.975000 1.000000
26.025000 1.000000
26.075000 1.000000
26.125000 1.000000
26.175000 1.000000
26.225000 1.000000
26.275000 1.000000
26.325000 1.000000
26.375000 1.000000
26.425000 1.000000
26.475000 1.000000
26.525000 1.000000
26.575000 1.000000
26.625000 1.000000
26.675000 1.000000
26.725000 1.000000
26.775000 1.000000
26.825000 1.000000
26.875000 1.000000
26.925000 1.000000
26.975000 1.000000
27.025000 1.000000
27.075000 1.000000
27.125000 1.000000
27.175000 1.000000
27.225000 1.000000
27.275000 1.000000
27.325000 1.000000
27.375000 1.000000
27.425000 1.000000
27.475000 1.000000
27.525000 1.000000
27.575000 1.000000
27.625000 1.000000
27.675000 1.000000
27.725000 1.000000
27.775000 1.000000
27.825000 1.000000
27.875000 1.000000
27.925000 1.000000
27.975000 1.000000
28.025000 1.000000
28.075000 1.000000
28.125000 1.000000
28.175000 1.000000
28.225000 1.000000
28.275000 1.000000
28.325000 1.000000
28.375000 1.000000
28.425000 1.000000
28.475000 1.000000
28.525000 1.000000
28.575000 1.000000
28.625000 1.000000
28.675000 1.000000
28.725000 1.000000
28.775000 1.000000
28.825000 1.000000
28.875000 1.000000
28.925000 1.000000
28.975000 1.000000
29.025000 1.000000
29.075000 1.000000
29.125000 1.000000
29.175000 1.000000
29.225000 1.000000
29.275000 1.000000
29.325000 1.000000
29.375000 1.000000
29.425000 1.000000
29.475000 1.000000
29.525000 1.000000
29.575000 1.000000
29.625000 1.000000
29.675000 1.000000
29.725000 1.000000
29.775000 1.000000
29.825000 1.000000
29.875000 1.000000
29.925000 1.000000
29.975000 1.000000
30.025000 1.000000
30.075000 1.000000
30.125000 1.000000
30.175000 1.000000
30.225000 1.000000
30.275000 1.000000
30.325000 1.000000
30.375000 1.000000
30.425000 1.000000
30.475000 1.000000
30.525000 1.000000
30.575000 1.000000
30.625000 1.000000
30.675000 1.000000
30.725000 1.000000
30.775000 1.000000
30.825000 1.000000
30.875000 1.000000
30.925000 1.000000
30.975000 1.000000
31.025000 1.000000
31.075000 1.000000
31.125000 1.000000
31.175000 1.000000
31.225000 1.000000
31.275000 1.000000
31.325000 1.000000
31.375000 1.000000
31.425000 1.000000
31.475000 1.000000
31.525000 1.000000
31.575000 1.000000
31.625000 1.000000
31.675000 1.000000
31.725000 1.000000
31.775000 1.000000
31.825000 1.000000
31.875000 1.000000
31.925000 1.000000
31.975000 1.000000
32.025000 1.000000
32.075000 1.000000
32.125000 1.000000
32.175000 1.000000
32.225000 1.000000
32.275000 1.000000
32.325000 1.000000
32.375000 1.000000
32.425000 1.000000
32.475000 1.000000
32.525000 1.000000
32.575000 1.000000
32.625000 1.000000
32.675000 1.000000
32.725000 1.000000
32.775000 1.000000
32.825000 1.000000
32.875000 1.000000
32.925000 1.000000
32.975000 1.000000
33.025000 1.000000
33.075000 1.000000
33.125000 1.000000
33.175000 1.000000
33.225000 1.000000
33.275000 1.000000
33.325000 1.000000
33.375000 1.000000
33.425000 1.000000
33.475000 1.000000
33.525000 1.000000
33.575000 1.000000
33.625000 1.000000
33.675000 1.000000
33.725000 1.000000
33.775000 1.000000
33.825000 1.000000
33.875000 1.000000
33.925000 1.000000
33.975000 1.000000
34.025000 1.000000
34.075000 1.000000
34.125000 1.000000
34.175000 1.000000
34.225000 1.000000
34.275000 1.000000
34.325000 1.000000
34.375000 1.000000
34.425000 1.000000
34.475000 1.000000
34.525000 1.000000
34.575000 1.000000
34.625000 1.000000
34.675000 1.000000
34.725000 1.000000
34.775000 1.000000
34.825000 1.000000
34.875000 1.000000
34.925000 1.000000
34.975000 1.000000
35.025000 1.000000
35.075000 1.000000
35.125000 1.000000
35.175000 1.000000
35.225000 1.000000
35.275000 1.000000
35.325000 1.000000
35.375000 1.000000
35.425000 1.000000
35.475000 1.000000
35.525000 1.000000
35.575000 1.000000
35.625000 1.000000
35.675000 1.000000
35.725000 1.000000
35.775000 1.000000
35.825000 1.000000
35.875000 1.000000
35.925000 1.000000
35.975000 1.000000
36.025000 1.000000
36.075000 1.000000
36.125000 1.000000
36.175000 1.000000
36.225000 1.000000
36.275000 1.000000
36.325000 1.000000
36.375000 1.000000
36.425000 1.000000
36.475000 1.000000
36.525000 1.000000
36.575000 1.000000
36.625000 1.000000
36.675000 1.000000
36.725000 1.000000
36.775000 1.000000
36.825000 1.000000
36.875000 1.000000
36.925000 1.000000
36.975000 1.000000
37.025000 1.000000
37.075000 1.000000
37.125000 1.000000
37.175000 1.000000
37.225000 1.000000
37.275000 1.000000
37.325000 1.000000
37.375000 1.000000
37.425000 1.000000
37.475000 1.000000
37.525000 1.000000
37.575000 1.000000
37.625000 1.000000
37.675000 1.000000
37.725000 1.000000
37.775000 1.000000
37.825000 1.000000
37.875000 1.000000
37.925000 1.000000
37.975000 1.000000
38.025000 1.000000
38.075000 1.000000
38.125000 1.000000
38.175000 1.000000
38.225000 1.000000
38.275000 1.000000
38.325000 1.000000
38.375000 1.000000
38.425000 1.000000
38.475000 1.000000
38.525000 1.000000
38.575000 1.000000
38.625000 1.000000
38.675000 1.000000
38.725000 1.000000
38.775000 1.000000
38.825000 1.000000
38.875000 1.000000
38.925000 1.000000
38.975000 1.000000
39.025000 1.000000
39.075000 1.000000
39.125000 1.000000
39.175000 1.000000
39.225000 1.000000
39.275000 1.000000
39.325000 1.000000
39.375000 1.000000
39.425000 1.000000
39.475000 1.000000
39.525000 1.000000
39.575000 1.000000
39.625000 1.000000
39.675000 1.000000
39.725000 1.000000
39.775000 1.000000
39.825000 1.000000
39.875000 1.000000
39.925000 1.000000
39.975000 1.000000
40.025000 1.000000
40.075000 1.000000
40.125000 1.000000
40.175000 1.000000
40.225000 1.000000
40.275000 1.000000
40.325000 1.000000
40.375000 1.000000
40.425000 1.000000
40.475000 1.000000
40.525000 1.000000
40.575000 1.000000
40.625000 1.000000
40.675000 1.000000
40.725000 1.000000
40.775000 1.000000
40.825000 1.000000
40.875000 1.000000
40.925000 1.000000
40.975000 1.000000
41.025000 1.000000
41.075000 1.000000
41.125000 1.000000
41.175000 1.000000
41.225000 1.000000
41.275000 1.000000
41.325000 1.000000
41.375000 1.000000
41.425000 1.000000
41.475000 1.000000
41.525000 1.000000
41.575000 1.000000
41.625000 1.000000
41.675000 1.000000
41.725000 1.000000
41.775000 1.000000
41.825000 1.000000
41.875000 1.000000
41.925000 1.000000
41.975000 1.000000
42.025000 1.000000
42.075000 1.000000
42.125000 1.000000
42.175000 1.000000
42.225000 1.000000
42.275000 1.000000
42.325000 1.000000
42.375000 1.000000
42.425000 1.000000
42.475000 1.000000
42.525000 1.000000
42.575000 1.000000
42.625000 1.000000
42.675000 1.000000
42.725000 1.000000
42.775000 1.000000
42.825000 1.000000
42.875000 1.000000
42.925000 1.000000
42.975000 1.000000
43.025000 1.000000
43.075000 1.000000
43.125000 1.000000
43.175000 1.000000
43.225000 1.000000
43.275000 1.000000
43.325000 1.000000
43.375000 1.000000
43.425000 1.000000
43.475000 1.000000
43.525000 1.000000
43.575000 1.000000
43.625000 1.000000
43.675000 1.000000
43.725000 1.000000
43.775000 1.000000
43.825000 1.000000
43.875000 1.000000
43.925000 1.000000
43.975000 1.000000
44.025000 1.000000
44.075000 1.000000
44.125000 1.000000
44.175000 1.000000
44.225000 1.000000
44.275000 1.000000
44.325000 1.000000
44.375000 1.000000
44.425000 1.000000
44.475000 1.000000
44.525000 1.000000
44.575000 1.000000
44.625000 1.000000
44.675000 1.000000
44.725000 1.000000
44.775000 1.000000
44.825000 1.000000
44.875000 1.000000
44.925000 1.000000
44.975000 1.000000
45.025000 1.000000
45.075000 1.000000
45.125000 1.000000
45.175000 1.000000
45.225000 1.000000
45.275000 1.000000
45.325000 1.000000
45.375000 1.000000
45.425000 1.000000
45.475000 1.000000
45.525000 1.000000
45.575000 1.000000
45.625000 1.000000
45.675000 1.000000
45.725000 1.000000
45.775000 1.000000
45.825000 1.000000
45.875000 1.000000
45.925000 1.000000
45.975000 1.000000
46.025000 1.000000
46.075000 1.000000
46.125000 1.000000
46.175000 1.000000
46.225000 1.000000
46.275000 1.000000
46.325000 1.000000
46.375000 1.000000
46.425000 1.000000
46.475000 1.000000
46.525000 1.000000
46.575000 1.000000
46.625000 1.000000
46.675000 1.000000
46.725000 1.000000
46.775000 1.000000
46.825000 1.000000
46.875000 1.000000
46.925000 1.000000
46.975000 1.000000
47.025000 1.000000
47.075000 1.000000
47.125000 1.000000
47.175000 1.000000
47.225000 1.000000
47.275000 1.000000
47.325000 1.000000
47.375000 1.000000
47.425000 1.000000
47.475000 1.000000
47.525000 1.000000
47.575000 1.000000
47.625000 1.000000
47.675000 1.000000
47.725000 1.000000
47.775000 1.000000
47.825000 1.000000
47.875000 1.000000
47.925000 1.000000
47.975000 1.000000
48.025000 1.000000
48.075000 1.000000
48.125000 1.000000
48.175000 1.000000
48.225000 1.000000
48.275000 1.000000
48.325000 1.000000
48.375000 1.000000
48.425000 1.000000
48.475000 1.000000
48.525000 1.000000
48.575000 1.000000
48.625000 1.000000
48.675000 1.000000
48.725000 1.000000
48.775000 1.000000
48.825000 1.000000
48.875000 1.000000
48.925000 1.000000
48.975000 1.000000
49.025000 1.000000
49.075000 1.000000
49.125000 1.000000
49.175000 1.000000
49.225000 1.000000
49.275000 1.000000
49.325000 1.000000
49.375000 1.000000
49.425000 1.000000
49.475000 1.000000
49.525000 1.000000
49.575000 1.000000
49.625000 1.000000
49.675000 1.000000
49.725000 1.000000
49.775000 1.000000
49.825000 1.000000
49.875000 1.000000
49.925000 1.000000
49.975000 1.000000
50.025000 1.000000
50.075000 1.000000
50.125000 1.000000
50.175000 1.000000
50.225000 1.000000
50.275000 1.000000
50.325000 1.000000
50.375000 1.000000
50.425000 1.000000
50.475000 1.000000
50.525000 1.000000
50.575000 1.000000
50.625000 1.000000
50.675000 1.000000
50.725000 1.000000
50.775000 1.000000
50.825000 1.000000
50.875000 1.000000
50.925000 1.000000
50.975000 1.000000
51.025000 1.000000
51.075000 1.000000
51.125000 1.000000
51.175000 1.000000
51.225000 1.000000
51.275000 1.000000
51.325000 1.000000
51.375000 1.000000
51.425000 1.000000
51.475000 1.000000
51.525000 1.000000
51.575000 1.000000
51.625000 1.000000
51.675000 1.000000
51.725000 1.000000
51.775000 1.000000
51.825000 1.000000
51.875000 1.000000
51.925000 1.000000
51.975000 1.000000
52.025000 1.000000
52.075000 1.000000
52.125000 1.000000
52.175000 1.000000
52.225000 1.000000
52.275000 1.000000
52.325000 1.000000
52.375000 1.000000
52.425000 1.000000
52.475000 1.000000
52.525000 1.000000
52.575000 1.000000
52.625000 1.000000
52.675000 1.000000
52.725000 1.000000
52.775000 1.000000
52.825000 1.000000
52.875000 1.000000
52.925000 1.000000
52.975000 1.000000
53.025000 1.000000
53.075000 1.000000
53.125000 1.000000
53.175000 0.999999
53.225000 0.999999
53.275000 0.999999
53.325000 0.999999
53.375000 0.999999
53.425000 0.999999
53.475000 0.999999
53.525000 0.999999
53.575000 0.999999
53.625000 0.999999
53.675000 0.999999
53.725000 0.999999
53.775000 0.999999
53.825000 0.999999
53.875000 0.999999
53.925000 0.999999
53.975000 0.999999
54.025000 0.999999
54.075000 0.999999
54.125000 0.999999
54.175000 0.999999
54.225000 0.999999
54.275000 0.999999
54.325000 0.999999
54.375000 0.999999
54.425000 0.999999
54.475000 0.999999
54.525000 0.999999
54.575000 0.999999
54.625000 0.999999
54.675000 0.999999
54.725000 0.999999
54.775000 0.999999
54.825000 0.999999
54.875000 0.999999
54.925000 0.999999
54.975000 0.999999
55.025000 0.999999
55.075000 0.999999
55.125000 0.999999
55.175000 0.999999
55.225000 0.999999
55.275000 0.999999
55.325000 0.999999
55.375000 0.999999
55.425000 0.999999
55.475000 0.999999
55.525000 0.999999
55.575000 0.999999
55.625000 0.999999
55.675000 0.999999
55.725000 0.999999
55.775000 0.999999
55.825000 0.999999
55.875000 0.999999
55.925000 0.999999
55.975000 0.999999
56.025000 0.999999
56.075000 0.999999
56.125000 0.999999
56.175000 0.999999
56.225000 0.999999
56.275000 0.999998
56.325000 0.999998
56.375000 0.999998
56.425000 0.999998
56.475000 0.999998
56.525000 0.999998
56.575000 0.999998
56.625000 0.999998
56.675000 0.999998
56.725000 0.999998
56.775000 0.999998
56.825000 0.999998
56.875000 0.999998
56.925000 0.999998
56.975000 0.999998
57.025000 0.999998
57.075000 0.999998
57.125000 0.999998
57.175000 0.999998
57.225000 0.999998
57.275000 0.999998
57.325000 0.999998
57.375000 0.999998
57.425000 0.999998
57.475000 0.999998
57.525000 0.999998
57.575000 0.999998
57.625000 0.999998
57.675000 0.999998
57.725000 0.999998
57.775000 0.999997
57.825000 0.999997
57.875000 0.999997
57.925000 0.999997
57.975000 0.999997
58.025000 0.999997
58.075000 0.999997
58.125000 0.999997
58.175000 0.999997
58.225000 0.999997
58.275000 0.999997
58.325000 0.999997
58.375000 0.999997
58.425000 0.999997
58.475000 0.999997
58.525000 0.999997
58.575000 0.999997
58.625000 0.999997
58.675000 0.999997
58.725000 0.999996
58.775000 0.999996
58.825000 0.999996
58.875000 0.999996
58.925000 0.999996
58.975000 0.999996
59.025000 0.999996
59.075000 0.999996
59.125000 0.999996
59.175000 0.999996
59.225000 0.999996
59.275000 0.999996
59.325000 0.999996
59.375000 0.999996
59.425000 0.999995
59.475000 0.999995
59.525000 0.999995
59.575000 0.999995
59.625000 0.999995
59.675000 0.999995
59.725000 0.999995
59.775000 0.999995
59.825000 0.999995
59.875000 0.999995
59.925000 0.999995
59.975000 0.999994
60.025000 0.999994
60.075000 0.999994
60.125000 0.999994
60.175000 0.999994
60.225000 0.999994
60.275000 0.999994
60.325000 0.999994
60.375000 0.999994
60.425000 0.999994
60.475000 0.999993
60.525000 0.999993
60.575000 0.999993
60.625000 0.999993
60.675000 0.999993
60.725000 0.999993
60.775000 0.999993
60.825000 0.999993
60.875000 0.999992
60.925000 0.999992
60.975000 0.999992
61.025000 0.999992
61.075000 0.999992
61.125000 0.999992
61.175000 0.999992
61.225000 0.999991
61.275000 0.999991
61.325000 0.999991
61.375000 0.999991
61.425000 0.999991
61.475000 0.999991
61.525000 0.999991
61.575000 0.999990
61.625000 0.999990
61.675000 0.999990
61.725000 0.999990
61.775000 0.999990
61.825000 0.999989
61.875000 0.999989
61.925000 0.999989
61.975000 0.999989
62.025000 0.999989
62.075000 0.999989
62.125000 0.999988
62.175000 0.999988
62.225000 0.999988
62.275000 0.999988
62.325000 0.999987
62.375000 0.999987
62.425000 0.999987
62.475000 0.999987
62.525000 0.999987
62.575000 0.999986
62.625000 0.999986
62.675000 0.999986
62.725000 0.999986
62.775000 0.999985
62.825000 0.999985
62.875000 0.999985
62.925000 0.999985
62.975000 0.999984
63.025000 0.999984
63.075000 0.999984
63.125000 0.999983
63.175000 0.999983
63.225000 0.999983
63.275000 0.999982
63.325000 0.999982
63.375000 0.999982
63.425000 0.999982
63.475000 0.999981
63.525000 0.999981
63.575000 0.999981
63.625000 0.999980
63.675000 0.999980
63.725000 0.999979
63.775000 0.999979
63.825000 0.999979
63.875000 0.999978
63.925000 0.999978
63.975000 0.999978
64.025000 0.999977
64.075000 0.999977
64.125000 0.999976
64.175000 0.999976
64.225000 0.999976
64.275000 0.999975
64.325000 0.999975
64.375000 0.999974
64.425000 0.999974
64.475000 0.999973
64.525000 0.999973
64.575000 0.999972
64.625000 0.999972
64.675000 0.999971
64.725000 0.999971
64.775000 0.999970
64.825000 0.999970
64.875000 0.999969
64.925000 0.999969
64.975000 0.999968
65.025000 0.999968
65.075000 0.999967
65.125000 0.999966
65.175000 0.999966
65.225000 0.999965
65.275000 0.999965
65.325000 0.999964
65.375000 0.999963
65.425000 0.999963
65.475000 0.999962
65.525000 0.999961
65.575000 0.999961
65.625000 0.999960
65.675000 0.999959
65.725000 0.999959
65.775000 0.999958
65.825000 0.999957
65.875000 0.999956
65.925000 0.999956
65.975000 0.999955
66.025000 0.999954
66.075000 0.999953
66.125000 0.999952
66.175000 0.999952
66.225000 0.999951
66.275000 0.999950
66.325000 0.999949
66.375000 0.999948
66.425000 0.999947
66.475000 0.999946
66.525000 0.999945
66.575000 0.999944
66.625000 0.999943
66.675000 0.999942
66.725000 0.999941
66.775000 0.999940
66.825000 0.999939
66.875000 0.999938
66.925000 0.999937
66.975000 0.999936
67.025000 0.999935
67.075000 0.999934
67.125000 0.999932
67.175000 0.999931
67.225000 0.999930
67.275000 0.999929
67.325000 0.999927
67.375000 0.999926
67.425000 0.999925
67.475000 0.999924
67.525000 0.999922
67.575000 0.999921
67.625000 0.999919
67.675000 0.999918
67.725000 0.999917
67.775000 0.999915
67.825000 0.999914
67.875000 0.999912
67.925000 0.999910
67.975000 0.999909
68.025000 0.999907
68.075000 0.999906
68.125000 0.999904
68.175000 0.999902
68.225000 0.999901
68.275000 0.999899
68.325000 0.999897
68.375000 0.999895
68.425000 0.999893
68.475000 0.999891
68.525000 0.999889
68.575000 0.999888
68.625000 0.999886
68.675000 0.999884
68.725000 0.999881
68.775000 0.999879
68.825000 0.999877
68.875000 0.999875
68.925000 0.999873
68.975000 0.999871
69.025000 0.999868
69.075000 0.999866
69.125000 0.999864
69.175000 0.999861
69.225000 0.999859
69.275000 0.999856
69.325000 0.999854
69.375000 0.999851
69.425000 0.999848
69.475000 0.999846
69.525000 0.999843
69.575000 0.999840
69.625000 0.999837
69.675000 0.999835
69.725000 0.999832
69.775000 0.999829
69.825000 0.999826
69.875000 0.999823
69.925000 0.999819
69.975000 0.999816
70.025000 0.999813
70.075000 0.999810
70.125000 0.999806
70.175000 0.999803
70.225000 0.999799
70.275000 0.999796
70.325000 0.999792
70.375000 0.999788
70.425000 0.999785
70.475000 0.999781
70.525000 0.999777
70.575000 0.999773
70.625000 0.999769
70.675000 0.999765
70.725000 0.999761
70.775000 0.999757
70.825000 0.999752
70.875000 0.999748
70.925000 0.999743
70.975000 0.999739
71.025000 0.999734
71.075000 0.999730
71.125000 0.999725
71.175000 0.999720
71.225000 0.999715
71.275000 0.999710
71.325000 0.999705
71.375000 0.999700
71.425000 0.999694
71.475000 0.999689
71.525000 0.999683
71.575000 0.999678
71.625000 0.999672
71.675000 0.999666
71.725000 0.999660
71.775000 0.999654
71.825000 0.999648
71.875000 0.999642
71.925000 0.999636
71.975000 0.999629
72.025000 0.999623
72.075000 0.999616
72.125000 0.999609
72.175000 0.999602
72.225000 0.999595
72.275000 0.999588
72.325000 0.999581
72.375000 0.999573
72.425000 0.999566
72.475000 0.999558
72.525000 0.999550
72.575000 0.999542
72.625000 0.999534
72.675000 0.999526
72.725000 0.999518
72.775000 0.999509
72.825000 0.999500
72.875000 0.999491
72.925000 0.999482
72.975000 0.999473
73.025000 0.999464
73.075000 0.999454
73.125000 0.999445
73.175000 0.999435
73.225000 0.999425
73.275000 0.999415
73.325000 0.999404
73.375000 0.999394
73.425000 0.999383
73.475000 0.999372
73.525000 0.999361
73.575000 0.999350
73.625000 0.999338
73.675000 0.999327
73.725000 0.999315
73.775000 0.999303
73.825000 0.999290
73.875000 0.999278
73.925000 0.999265
73.975000 0.999252
74.025000 0.999239
74.075000 0.999225
74.125000 0.999212
74.175000 0.999198
74.225000 0.999183
74.275000 0.999169
74.325000 0.999154
74.375000 0.999139
74.425000 0.999124
74.475000 0.999109
74.525000 0.999093
74.575000 0.999077
74.625000 0.999060
74.675000 0.999044
74.725000 0.999027
74.775000 0.999010
74.825000 0.998992
74.875000 0.998974
74.925000 0.998956
74.975000 0.998938
75.025000 0.998919
75.075000 0.998900
75.125000 0.998880
75.175000 0.998860
75.225000 0.998840
75.275000 0.998820
75.325000 0.998799
75.375000 0.998778
75.425000 0.998756
75.475000 0.998734
75.525000 0.998712
75.575000 0.998689
75.625000 0.998666
75.675000 0.998642
75.725000 0.998618
75.775000 0.998594
75.825000 0.998569
75.875000 0.998543
75.925000 0.998518
75.975000 0.998491
76.025000 0.998465
76.075000 0.998438
76.125000 0.998410
76.175000 0.998382
76.225000 0.998353
76.275000 0.998324
76.325000 0.998294
76.375000 0.998264
76.425000 0.998234
76.475000 0.998202
76.525000 0.998171
76.575000 0.998138
76.625000 0.998105
76.675000 0.998072
76.725000 0.998038
76.775000 0.998003
76.825000 0.997968
76.875000 0.997932
76.925000 0.997895
76.975000 0.997858
77.025000 0.997820
77.075000 0.997782
77.125000 0.997743
77.175000 0.997703
77.225000 0.997662
77.275000 0.997621
77.325000 0.997579
77.375000 0.997536
77.425000 0.997492
77.475000 0.997448
77.525000 0.997403
77.575000 0.997357
77.625000 0.997310
77.675000 0.997263
77.725000 0.997214
77.775000 0.997165
77.825000 0.997115
77.875000 0.997064
77.925000 0.997012
77.975000 0.996960
78.025000 0.996906
78.075000 0.996851
78.125000 0.996796
78.175000 0.996739
78.225000 0.996681
78.275000 0.996623
78.325000 0.996563
78.375000 0.996503
78.425000 0.996441
78.475000 0.996378
78.525000 0.996314
78.575000 0.996249
78.625000 0.996183
78.675000 0.996115
78.725000 0.996047
78.775000 0.995977
78.825000 0.995906
78.875000 0.995834
78.925000 0.995760
78.975000 0.995685
79.025000 0.995609
79.075000 0.995532
79.125000 0.995453
79.175000 0.995373
79.225000 0.995291
79.275000 0.995208
79.325000 0.995124
79.375000 0.995038
79.425000 0.994950
79.475000 0.994861
79.525000 0.994770
79.575000 0.994678
79.625000 0.994584
79.675000 0.994489
79.725000 0.994392
79.775000 0.994293
79.825000 0.994192
79.875000 0.994090
79.925000 0.993986
79.975000 0.993880
80.025000 0.993772
80.075000 0.993662
80.125000 0.993551
80.175000 0.993437
80.225000 0.993322
80.275000 0.993204
80.325000 0.993084
80.375000 0.992963
80.425000 0.992839
80.475000 0.992713
80.525000 0.992584
80.575000 0.992454
80.625000 0.992321
80.675000 0.992186
80.725000 0.992048
80.775000 0.991909
80.825000 0.991766
80.875000 0.991621
80.925000 0.991474
80.975000 0.991324
81.025000 0.991172
81.075000 0.991016
81.125000 0.990859
81.175000 0.990698
81.225000 0.990534
81.275000 0.990368
81.325000 0.990199
81.375000 0.990027
81.425000 0.989852
81.475000 0.989673
81.525000 0.989492
81.575000 0.989308
81.625000 0.989120
81.675000 0.988929
81.725000 0.988735
81.775000 0.988537
81.825000 0.988336
81.875000 0.988132
81.925000 0.987923
81.975000 0.987712
82.025000 0.987496
82.075000 0.987277
82.125000 0.987054
82.175000 0.986827
82.225000 0.986597
82.275000 0.986362
82.325000 0.986123
82.375000 0.985880
82.425000 0.985633
82.475000 0.985382
82.525000 0.985126
82.575000 0.984866
82.625000 0.984601
82.675000 0.984332
82.725000 0.984058
82.775000 0.983779
82.825000 0.983496
82.875000 0.983208
82.925000 0.982914
82.975000 0.982616
83.025000 0.982313
83.075000 0.982004
83.125000 0.981690
83.175000 0.981371
83.225000 0.981046
83.275000 0.980715
83.325000 0.980379
83.375000 0.980038
83.425000 0.979690
83.475000 0.979336
83.525000 0.978976
83.575000 0.978611
83.625000 0.978238
83.675000 0.977860
83.725000 0.977475
83.775000 0.977084
83.825000 0.976685
83.875000 0.976280
83.925000 0.975869
83.975000 0.975450
84.025000 0.975024
84.075000 0.974591
84.125000 0.974150
84.175000 0.973702
84.225000 0.973246
84.275000 0.972783
84.325000 0.972312
84.375000 0.971833
84.425000 0.971345
84.475000 0.970850
84.525000 0.970346
84.575000 0.969834
84.625000 0.969313
84.675000 0.968783
84.725000 0.968245
84.775000 0.967697
84.825000 0.967140
84.875000 0.966574
84.925000 0.965998
84.975000 0.965413
85.025000 0.964818
85.075000 0.964213
85.125000 0.963598
85.175000 0.962973
85.225000 0.962337
85.275000 0.961690
85.325000 0.961033
85.375000 0.960366
85.425000 0.959687
85.475000 0.958996
85.525000 0.958295
85.575000 0.957582
85.625000 0.956857
85.675000 0.956120
85.725000 0.955371
85.775000 0.954609
85.825000 0.953836
85.875000 0.953049
85.925000 0.952250
85.975000 0.951438
86.025000 0.950612
86.075000 0.949773
86.125000 0.948920
86.175000 0.948054
86.225000 0.947173
86.275000 0.946279
86.325000 0.945369
86.375000 0.944445
86.425000 0.943507
86.475000 0.942553
86.525000 0.941584
86.575000 0.940599
86.625000 0.939599
86.675000 0.938582
86.725000 0.937550
86.775000 0.936501
86.825000 0.935435
86.875000 0.934353
86.925000 0.933253
86.975000 0.932136
87.025000 0.931002
87.075000 0.929850
87.125000 0.928679
87.175000 0.927491
87.225000 0.926283
87.275000 0.925057
87.325000 0.923812
87.375000 0.922548
87.425000 0.921264
87.475000 0.919961
87.525000 0.918637
87.575000 0.917293
87.625000 0.915929
87.675000 0.914543
87.725000 0.913137
87.775000 0.911709
87.825000 0.910260
87.875000 0.908789
87.925000 0.907296
87.975000 0.905780
88.025000 0.904242
88.075000 0.902680
88.125000 0.901096
88.175000 0.899488
88.225000 0.897856
88.275000 0.896200
88.325000 0.894520
88.375000 0.892816
88.425000 0.891087
88.475000 0.889332
88.525000 0.887552
88.575000 0.885747
88.625000 0.883915
88.675000 0.882058
88.725000 0.880174
88.775000 0.878263
88.825000 0.876325
88.875000 0.874360
88.925000 0.872368
88.975000 0.870348
89.025000 0.868299
89.075000 0.866223
89.125000 0.864117
89.175000 0.861983
89.225000 0.859820
89.275000 0.857628
89.325000 0.855405
89.375000 0.853153
89.425000 0.850871
89.475000 0.848559
89.525000 0.846216
89.575000 0.843842
89.625000 0.841438
89.675000 0.839001
89.725000 0.836534
89.775000 0.834035
89.825000 0.831503
89.875000 0.828940
89.925000 0.826344
89.975000 0.823716
90.025000 0.821055
90.075000 0.818361
90.125000 0.815634
90.175000 0.812874
90.225000 0.810080
90.275000 0.807253
90.325000 0.804392
90.375000 0.801497
90.425000 0.798567
90.475000 0.795604
90.525000 0.792606
90.575000 0.789574
90.625000 0.786508
90.675000 0.783407
90.725000 0.780271
90.775000 0.777100
90.825000 0.773894
90.875000 0.770654
90.925000 0.767378
90.975000 0.764068
91.025000 0.760723
91.075000 0.757342
91.125000 0.753926
91.175000 0.750476
91.225000 0.746990
91.275000 0.743470
91.325000 0.739914
91.375000 0.736324
91.425000 0.732699
91.475000 0.729039
91.525000 0.725345
91.575000 0.721616
91.625000 0.717853
91.675000 0.714055
91.725000 0.710224
91.775000 0.706359
91.825000 0.702460
91.875000 0.698527
91.925000 0.694562
91.975000 0.690563
92.025000 0.686532
92.075000 0.682468
92.125000 0.678372
92.175000 0.674244
92.225000 0.670085
92.275000 0.665894
92.325000 0.661673
92.375000 0.657421
92.425000 0.653139
92.475000 0.648827
92.525000 0.644486
92.575000 0.640117
92.625000 0.635719
92.675000 0.631293
92.725000 0.626840
92.775000 0.622360
92.825000 0.617853
92.875000 0.613321
92.925000 0.608764
92.975000 0.604182
93.025000 0.599576
93.075000 0.594946
93.125000 0.590294
93.175000 0.585620
93.225000 0.580924
93.275000 0.576208
93.325000 0.571471
93.375000 0.566715
93.425000 0.561941
93.475000 0.557149
93.525000 0.552339
93.575000 0.547513
93.625000 0.542672
93.675000 0.537816
93.725000 0.532946
93.775000 0.528063
93.825000 0.523167
93.875000 0.518260
93.925000 0.513343
93.975000 0.508416
94.025000 0.503480
94.075000 0.498537
94.125000 0.493586
94.175000 0.488630
94.225000 0.483668
94.275000 0.478702
94.325000 0.473733
94.375000 0.468761
94.425000 0.463788
94.475000 0.458815
94.525000 0.453842
94.575000 0.448870
94.625000 0.443901
94.675000 0.438936
94.725000 0.433975
94.775000 0.429019
94.825000 0.424070
94.875000 0.419128
94.925000 0.414194
94.975000 0.409270
95.025000 0.404355
95.075000 0.399452
95.125000 0.394561
95.175000 0.389683
95.225000 0.384819
95.275000 0.379970
95.325000 0.375137
95.375000 0.370320
95.425000 0.365521
95.475000 0.360741
95.525000 0.355981
95.575000 0.351241
95.625000 0.346522
95.675000 0.341825
95.725000 0.337151
95.775000 0.332501
95.825000 0.327875
95.875000 0.323275
95.925000 0.318701
95.975000 0.314155
96.025000 0.309635
96.075000 0.305145
96.125000 0.300683
96.175000 0.296252
96.225000 0.291851
96.275000 0.287481
96.325000 0.283143
96.375000 0.278838
96.425000 0.274566
96.475000 0.270328
96.525000 0.266124
96.575000 0.261955
96.625000 0.257821
96.675000 0.253723
96.725000 0.249662
96.775000 0.245637
96.825000 0.241650
96.875000 0.237700
96.925000 0.233789
96.975000 0.229916
97.025000 0.226082
97.075000 0.222288
97.125000 0.218532
97.175000 0.214817
97.225000 0.211142
97.275000 0.207507
97.325000 0.203912
97.375000 0.200359
97.425000 0.196846
97.475000 0.193375
97.525000 0.189945
97.575000 0.186556
97.625000 0.183208
97.675000 0.179903
97.725000 0.176639
97.775000 0.173416
97.825000 0.170236
97.875000 0.167097
97.925000 0.164000
97.975000 0.160944
98.025000 0.157930
98.075000 0.154958
98.125000 0.152027
98.175000 0.149138
98.225000 0.146289
98.275000 0.143482
98.325000 0.140716
98.375000 0.137991
98.425000 0.135307
98.475000 0.132662
98.525000 0.130059
98.575000 0.127495
98.625000 0.124971
98.675000 0.122487
98.725000 0.120041
98.775000 0.117635
98.825000 0.115268
98.875000 0.112939
98.925000 0.110649
98.975000 0.108396
99.025000 0.106181
99.075000 0.104003
99.125000 0.101862
99.175000 0.099758
99.225000 0.097690
99.275000 0.095657
99.325000 0.093660
99.375000 0.091699
99.425000 0.089772
99.475000 0.087879
99.525000 0.086021
99.575000 0.084196
99.625000 0.082404
99.675000 0.080645
99.725000 0.078919
99.775000 0.077225
99.825000 0.075562
99.875000 0.073930
99.925000 0.072330
99.975000 0.070759
100.025000 0.069219
100.075000 0.067708
100.125000 0.066227
100.175000 0.064774
100.225000 0.063350
100.275000 0.061953
100.325000 0.060584
100.375000 0.059242
100.425000 0.057927
100.475000 0.056638
100.525000 0.055375
100.575000 0.054138
100.625000 0.052926
100.675000 0.051738
100.725000 0.050574
100.775000 0.049435
100.825000 0.048319
100.875000 0.047226
100.925000 0.046155
100.975000 0.045107
101.025000 0.044081
101.075000 0.043077
101.125000 0.042093
101.175000 0.041131
101.225000 0.040189
101.275000 0.039267
101.325000 0.038364
101.375000 0.037481
101.425000 0.036617
101.475000 0.035772
101.525000 0.034945
101.575000 0.034136
101.625000 0.033344
101.675000 0.032570
101.725000 0.031812
101.775000 0.031072
101.825000 0.030347
101.875000 0.029639
101.925000 0.028946
101.975000 0.028269
102.025000 0.027606
102.075000 0.026959
102.125000 0.026325
102.175000 0.025706
102.225000 0.025101
102.275000 0.024510
102.325000 0.023932
102.375000 0.023367
102.425000 0.022814
102.475000 0.022274
102.525000 0.021747
102.575000 0.021231
102.625000 0.020727
102.675000 0.020235
102.725000 0.019754
102.775000 0.019284
102.825000 0.018825
102.875000 0.018376
102.925000 0.017938
102.975000 0.017510
103.025000 0.017091
103.075000 0.016683
103.125000 0.016283
103.175000 0.015894
103.225000 0.015513
103.275000 0.015141
103.325000 0.014777
103.375000 0.014423
103.425000 0.014076
103.475000 0.013738
103.525000 0.013407
103.575000 0.013084
103.625000 0.012769
103.675000 0.012462
103.725000 0.012161
103.775000 0.011868
103.825000 0.011581
103.875000 0.011301
103.925000 0.011028
103.975000 0.010762
104.025000 0.010501
104.075000 0.010247
104.125000 0.009999
104.175000 0.009757
104.225000 0.009520
104.275000 0.009290
104.325000 0.009064
104.375000 0.008844
104.425000 0.008630
104.475000 0.008420
104.525000 0.008215
104.575000 0.008016
104.625000 0.007821
104.675000 0.007631
104.725000 0.007445
104.775000 0.007264
104.825000 0.007087
104.875000 0.006914
104.925000 0.006746
104.975000 0.006581
105.025000 0.006421
105.075000 0.006264
105.125000 0.006111
105.175000 0.005962
105.225000 0.005817
105.275000 0.005675
105.325000 0.005536
105.375000 0.005401
105.425000 0.005269
105.475000 0.005140
105.525000 0.005014
105.575000 0.004892
105.625000 0.004772
105.675000 0.004655
105.725000 0.004542
105.775000 0.004430
105.825000 0.004322
105.875000 0.004216
105.925000 0.004113
105.975000 0.004012
106.025000 0.003914
106.075000 0.003818
106.125000 0.003724
106.175000 0.003633
106.225000 0.003544
106.275000 0.003457
106.325000 0.003372
106.375000 0.003290
106.425000 0.003209
106.475000 0.003130
106.525000 0.003053
106.575000 0.002978
106.625000 0.002905
106.675000 0.002834
106.725000 0.002764
106.775000 0.002696
106.825000 0.002630
106.875000 0.002566
106.925000 0.002503
106.975000 0.002441
107.025000 0.002381
107.075000 0.002323
107.125000 0.002265
107.175000 0.002210
107.225000 0.002155
107.275000 0.002102
107.325000 0.002051
107.375000 0.002000
107.425000 0.001951
107.475000 0.001903
107.525000 0.001856
107.575000 0.001811
107.625000 0.001766
107.675000 0.001723
107.725000 0.001680
107.775000 0.001639
107.825000 0.001599
107.875000 0.001559
107.925000 0.001521
107.975000 0.001483
108.025000 0.001447
108.075000 0.001411
108.125000 0.001377
108.175000 0.001343
108.225000 0.001310
108.275000 0.001277
108.325000 0.001246
108.375000 0.001215
108.425000 0.001185
108.475000 0.001156
108.525000 0.001128
108.575000 0.001100
108.625000 0.001073
108.675000 0.001046
108.725000 0.001020
108.775000 0.000995
108.825000 0.000971
108.875000 0.000947
108.925000 0.000924
108.975000 0.000901
109.025000 0.000879
109.075000 0.000857
109.125000 0.000836
109.175000 0.000815
109.225000 0.000795
109.275000 0.000776
109.325000 0.000756
109.375000 0.000738
109.425000 0.000720
109.475000 0.000702
109.525000 0.000685
109.575000 0.000668
109.625000 0.000651
109.675000 0.000635
109.725000 0.000619
109.775000 0.000604
109.825000 0.000589
109.875000 0.000575
109.925000 0.000561
109.975000 0.000547
110.025000 0.000533
110.075000 0.000520
110.125000 0.000507
110.175000 0.000495
110.225000 0.000483
110.275000 0.000471
110.325000 0.000459
110.375000 0.000448
110.425000 0.000437
110.475000 0.000426
110.525000 0.000415
110.575000 0.000405
110.625000 0.000395
110.675000 0.000385
110.725000 0.000376
110.775000 0.000367
110.825000 0.000358
110.875000 0.000349
110.925000 0.000340
110.975000 0.000332
111.025000 0.000324
111.075000 0.000316
111.125000 0.000308
111.175000 0.000300
111.225000 0.000293
111.275000 0.000286
111.325000 0.000279
111.375000 0.000272
111.425000 0.000265
111.475000 0.000258
111.525000 0.000252
111.575000 0.000246
111.625000 0.000240
111.675000 0.000234
111.725000 0.000228
111.775000 0.000222
111.825000 0.000217
111.875000 0.000212
111.925000 0.000206
111.975000 0.000201
112.025000 0.000196
112.075000 0.000191
112.125000 0.000187
112.175000 0.000182
112.225000 0.000178
112.275000 0.000173
112.325000 0.000169
112.375000 0.000165
112.425000 0.000161
112.475000 0.000157
112.525000 0.000153
112.575000 0.000149
112.625000 0.000145
112.675000 0.000142
112.725000 0.000138
112.775000 0.000135
112.825000 0.000132
112.875000 0.000128
112.925000 0.000125
112.975000 0.000122
113.025000 0.000119
113.075000 0.000116
113.125000 0.000113
113.175000 0.000110
113.225000 0.000108
113.275000 0.000105
113.325000 0.000102
113.375000 0.000100
113.425000 0.000098
113.475000 0.000095
113.525000 0.000093
113.575000 0.000090
113.625000 0.000088
113.675000 0.000086
113.725000 0.000084
113.775000 0.000082
113.825000 0.000080
113.875000 0.000078
113.925000 0.000076
113.975000 0.000074
114.025000 0.000072
114.075000 0.000070
114.125000 0.000069
114.175000 0.000067
114.225000 0.000065
114.275000 0.000064
114.325000 0.000062
114.375000 0.000061
114.425000 0.000059
114.475000 0.000058
114.525000 0.000056
114.575000 0.000055
114.625000 0.000054
114.675000 0.000052
114.725000 0.000051
114.775000 0.000050
114.825000 0.000048
114.875000 0.000047
114.925000 0.000046
114.975000 0.000045
115.025000 0.000044
115.075000 0.000043
115.125000 0.000042
115.175000 0.000041
115.225000 0.000040
115.275000 0.000039
115.325000 0.000038
115.375000 0.000037
115.425000 0.000036
115.475000 0.000035
115.525000 0.000034
115.575000 0.000033
115.625000 0.000032
115.675000 0.000032
115.725000 0.000031
115.775000 0.000030
115.825000 0.000029
115.875000 0.000029
115.925000 0.000028
115.975000 0.000027
116.025000 0.000027
116.075000 0.000026
116.125000 0.000025
116.175000 0.000025
116.225000 0.000024
116.275000 0.000023
116.325000 0.000023
116.375000 0.000022
116.425000 0.000022
116.475000 0.000021
116.525000 0.000021
116.575000 0.000020
116.625000 0.000020
116.675000 0.000019
116.725000 0.000019
116.775000 0.000018
116.825000 0.000018
116.875000 0.000017
116.925000 0.000017
116.975000 0.000017
117.025000 0.000016
117.075000 0.000016
117.125000 0.000015
117.175000 0.000015
117.225000 0.000015
117.275000 0.000014
117.325000 0.000014
117.375000 0.000014
117.425000 0.000013
117.475000 0.000013
117.525000 0.000013
117.575000 0.000012
117.625000 0.000012
117.675000 0.000012
117.725000 0.000011
117.775000 0.000011
117.825000 0.000011
117.875000 0.000011
117.925000 0.000010
117.975000 0.000010
118.025000 0.000010
118.075000 0.000010
118.125000 0.000009
118.175000 0.000009
118.225000 0.000009
118.275000 0.000009
118.325000 0.000008
118.375000 0.000008
118.425000 0.000008
118.475000 0.000008
118.525000 0.000008
118.575000 0.000007
118.625000 0.000007
118.675000 0.000007
118.725000 0.000007
118.775000 0.000007
118.825000 0.000007
118.875000 0.000006
118.925000 0.000006
118.975000 0.000006
119.025000 0.000006
119.075000 0.000006
119.125000 0.000006
119.175000 0.000006
119.225000 0.000005
119.275000 0.000005
119.325000 0.000005
119.375000 0.000005
119.425000 0.000005
119.475000 0.000005
119.525000 0.000005
119.575000 0.000005
119.625000 0.000004
119.675000 0.000004
119.725000 0.000004
119.775000 0.000004
119.825000 0.000004
119.875000 0.000004
119.925000 0.000004
119.975000 0.000004
120.025000 0.000004
120.075000 0.000004
120.125000 0.000003
120.175000 0.000003
120.225000 0.000003
120.275000 0.000003
120.325000 0.000003
120.375000 0.000003
120.425000 0.000003
120.475000 0.000003
120.525000 0.000003
120.575000 0.000003
120.625000 0.000003
120.675000 0.000003
120.725000 0.000003
120.775000 0.000002
120.825000 0.000002
120.875000 0.000002
120.925000 0.000002
120.975000 0.000002
121.025000 0.000002
121.075000 0.000002
121.125000 0.000002
121.175000 0.000002
121.225000 0.000002
121.275000 0.000002
121.325000 0.000002
121.375000 0.000002
121.425000 0.000002
121.475000 0.000002
121.525000 0.000002
121.575000 0.000002
121.625000 0.000002
121.675000 0.000002
121.725000 0.000002
121.775000 0.000001
121.825000 0.000001
121.875000 0.000001
121.925000 0.000001
121.975000 0.000001
122.025000 0.000001
122.075000 0.000001
122.125000 0.000001
122.175000 0.000001
122.225000 0.000001
122.275000 0.000001
122.325000 0.000001
122.375000 0.000001
122.425000 0.000001
122.475000 0.000001
122.525000 0.000001
122.575000 0.000001
122.625000 0.000001
122.675000 0.000001
122.725000 0.000001
122.775000 0.000001
122.825000 0.000001
122.875000 0.000001
122.925000 0.000001
122.975000 0.000001
123.025000 0.000001
123.075000 0.000001
123.125000 0.000001
123.175000 0.000001
123.225000 0.000001
123.275000 0.000001
123.325000 0.000001
123.375000 0.000001
123.425000 0.000001
123.475000 0.000001
123.525000 0.000001
123.575000 0.000001
123.625000 0.000001
123.675000 0.000001
123.725000 0.000001
123.775000 0.000001
123.825000 0.000001
123.875000 0.000001
123.925000 0.000001
123.975000 0.000000
124.025000 0.000000
124.075000 0.000000
124.125000 0.000000
124.175000 0.000000
124.225000 0.000000
124.275000 0.000000
124.325000 0.000000
124.375000 0.000000
124.425000 0.000000
124.475000 0.000000
124.525000 0.000000
124.575000 0.000000
124.625000 0.000000
124.675000 0.000000
124.725000 0.000000
124.775000 0.000000
124.825000 0.000000
124.875000 0.000000
124.925000 0.000000
124.975000 0.000000
125.025000 0.000000
125.075000 0.000000
125.125000 0.000000
125.175000 0.000000
125.225000 0.000000
125.275000 0.000000
125.325000 0.000000
125.375000 0.000000
125.425000 0.000000
125.475000 0.000000
125.525000 0.000000
125.575000 0.000000
125.625000 0.000000
125.675000 0.000000
125.725000 0.000000
125.775000 0.000000
125.825000 0.000000
125.875000 0.000000
125.925000 0.000000
125.975000 0.000000
126.025000 0.000000
126.075000 0.000000
126.125000 0.000000
126.175000 0.000000
126.225000 0.000000
126.275000 0.000000
126.325000 0.000000
126.375000 0.000000
126.425000 0.000000
126.475000 0.000000
126.525000 0.000000
126.575000 0.000000
126.625000 0.000000
126.675000 0.000000
126.725000 0.000000
126.775000 0.000000
126.825000 0.000000
126.875000 0.000000
126.925000 0.000000
126.975000 0.000000
127.025000 0.000000
127.075000 0.000000
127.125000 0.000000
127.175000 0.000000
127.225000 0.000000
127.275000 0.000000
127.325000 0.000000
127.375000 0.000000
127.425000 0.000000
127.475000 0.000000
127.525000 0.000000
127.575000 0.000000
127.625000 0.000000
127.675000 0.000000
127.725000 0.000000
127.775000 0.000000
127.825000 0.000000
127.875000 0.000000
127.925000 0.000000
127.975000 0.000000
128.025000 0.000000
128.075000 0.000000
128.125000 0.000000
128.175000 0.000000
128.225000 0.000000
128.275000 0.000000
128.325000 0.000000
128.375000 0.000000
128.425000 0.000000
128.475000 0.000000
128.525000 0.000000
128.575000 0.000000
128.625000 0.000000
128.675000 0.000000
128.725000 0.000000
128.775000 0.000000
128.825000 0.000000
128.875000 0.000000
128.925000 0.000000
128.975000 0.000000
129.025000 0.000000
129.075000 0.000000
129.125000 0.000000
129.175000 0.000000
129.225000 0.000000
129.275000 0.000000
129.325000 0.000000
129.375000 0.000000
129.425000 0.000000
129.475000 0.000000
129.525000 0.000000
129.575000 0.000000
129.625000 0.000000
129.675000 0.000000
129.725000 0.000000
129.775000 0.000000
129.825000 0.000000
129.875000 0.000000
129.925000 0.000000
129.975000 0.000000
130.025000 0.000000
130.075000 0.000000
130.125000 0.000000
130.175000 0.000000
130.225000 0.000000
130.275000 0.000000
130.325000 0.000000
130.375000 0.000000
130.425000 0.000000
130.475000 0.000000
130.525000 0.000000
130.575000 0.000000
130.625000 0.000000
130.675000 0.000000
130.725000 0.000000
130.775000 0.000000
130.825000 0.000000
130.875000 0.000000
130.925000 0.000000
130.975000 0.000000
131.025000 0.000000
131.075000 0.000000
131.125000 0.000000
131.175000 0.000000
131.225000 0.000000
131.275000 0.000000
131.325000 0.000000
131.375000 0.000000
131.425000 0.000000
131.475000 0.000000
131.525000 0.000000
131.575000 0.000000
131.625000 0.000000
131.675000 0.000000
131.725000 0.000000
131.775000 0.000000
131.825000 0.000000
131.875000 0.000000
131.925000 0.000000
131.975000 0.000000
132.025000 0.000000
132.075000 0.000000
132.125000 0.000000
132.175000 0.000000
132.225000 0.000000
132.275000 0.000000
132.325000 0.000000
132.375000 0.000000
132.425000 0.000000
132.475000 0.000000
132.525000 0.000000
132.575000 0.000000
132.625000 0.000000
132.675000 0.000000
132.725000 0.000000
132.775000 0.000000
132.825000 0.000000
132.875000 0.000000
132.925000 0.000000
132.975000 0.000000
133.025000 0.000000
133.075000 0.000000
133.125000 0.000000
133.175000 0.000000
133.225000 0.000000
133.275000 0.000000
133.325000 0.000000
133.375000 0.000000
133.425000 0.000000
133.475000 0.000000
133.525000 0.000000
133.575000 0.000000
133.625000 0.000000
133.675000 0.000000
133.725000 0.000000
133.775000 0.000000
133.825000 0.000000
133.875000 0.000000
133.925000 0.000000
133.975000 0.000000
134.025000 0.000000
134.075000 0.000000
134.125000 0.000000
134.175000 0.000000
134.225000 0.000000
134.275000 0.000000
134.325000 0.000000
134.375000 0.000000
134.425000 0.000000
134.475000 0.000000
134.525000 0.000000
134.575000 0.000000
134.625000 0.000000
134.675000 0.000000
134.725000 0.000000
134.775000 0.000000
134.825000 0.000000
134.875000 0.000000
134.925000 0.000000
134.975000 0.000000
135.025000 0.000000
135.075000 0.000000
135.125000 0.000000
135.175000 0.000000
135.225000 0.000000
135.275000 0.000000
135.325000 0.000000
135.375000 0.000000
135.425000 0.000000
135.475000 0.000000
135.525000 0.000000
135.575000 0.000000
135.625000 0.000000
135.675000 0.000000
135.725000 0.000000
135.775000 0.000000
135.825000 0.000000
135.875000 0.000000
135.925000 0.000000
135.975000 0.000000
136.025000 0.000000
136.075000 0.000000
136.125000 0.000000
136.175000 0.000000
136.225000 0.000000
136.275000 0.000000
136.325000 0.000000
136.375000 0.000000
136.425000 0.000000
136.475000 0.000000
136.525000 0.000000
136.575000 0.000000
136.625000 0.000000
136.675000 0.000000
136.725000 0.000000
136.775000 0.000000
136.825000 0.000000
136.875000 0.000000
136.925000 0.000000
136.975000 0.000000
137.025000 0.000000
137.075000 0.000000
137.125000 0.000000
137.175000 0.000000
137.225000 0.000000
137.275000 0.000000
137.325000 0.000000
137.375000 0.000000
137.425000 0.000000
137.475000 0.000000
137.525000 0.000000
137.575000 0.000000
137.625000 0.000000
137.675000 0.000000
137.725000 0.000000
137.775000 0.000000
137.825000 0.000000
137.875000 0.000000
137.925000 0.000000
137.975000 0.000000
138.025000 0.000000
138.075000 0.000000
138.125000 0.000000
138.175000 0.000000
138.225000 0.000000
138.275000 0.000000
138.325000 0.000000
138.375000 0.000000
138.425000 0.000000
138.475000 0.000000
138.525000 0.000000
138.575000 0.000000
138.625000 0.000000
138.675000 0.000000
138.725000 0.000000
138.775000 0.000000
138.825000 0.000000
138.875000 0.000000
138.925000 0.000000
138.975000 0.000000
139.025000 0.000000
139.075000 0.000000
139.125000 0.000000
139.175000 0.000000
139.225000 0.000000
139.275000 0.000000
139.325000 0.000000
139.375000 0.000000
139.425000 0.000000
139.475000 0.000000
139.525000 0.000000
139.575000 0.000000
139.625000 0.000000
139.675000 0.000000
139.725000 0.000000
139.775000 0.000000
139.825000 0.000000
139.875000 0.000000
139.925000 0.000000
139.975000 0.000000
140.025000 0.000000
140.075000 0.000000
140.125000 0.000000
140.175000 0.000000
140.225000 0.000000
140.275000 0.000000
140.325000 0.000000
140.375000 0.000000
140.425000 0.000000
140.475000 0.000000
140.525000 0.000000
140.575000 0.000000
140.625000 0.000000
140.675000 0.000000
140.725000 0.000000
140.775000 0.000000
140.825000 0.000000
140.875000 0.000000
140.925000 0.000000
140.975000 0.000000
141.025000 0.000000
141.075000 0.000000
141.125000 0.000000
141.175000 0.000000
141.225000 0.000000
141.275000 0.000000
141.325000 0.000000
141.375000 0.000000
141.425000 0.000000
141.475000 0.000000
141.525000 0.000000
141.575000 0.000000
141.625000 0.000000
141.675000 0.000000
141.725000 0.000000
141.775000 0.000000
141.825000 0.000000
141.875000 0.000000
141.925000 0.000000
141.975000 0.000000
142.025000 0.000000
142.075000 0.000000
142.125000 0.000000
142.175000 0.000000
142.225000 0.000000
142.275000 0.000000
142.325000 0.000000
142.375000 0.000000
142.425000 0.000000
142.475000 0.000000
142.525000 0.000000
142.575000 0.000000
142.625000 0.000000
142.675000 0.000000
142.725000 0.000000
142.775000 0.000000
142.825000 0.000000
142.875000 0.000000
142.925000 0.000000
142.975000 0.000000
143.025000 0.000000
143.075000 0.000000
143.125000 0.000000
143.175000 0.000000
143.225000 0.000000
143.275000 0.000000
143.325000 0.000000
143.375000 0.000000
143.425000 0.000000
143.475000 0.000000
143.525000 0.000000
143.575000 0.000000
143.625000 0.000000
143.675000 0.000000
143.725000 0.000000
143.775000 0.000000
143.825000 0.000000
143.875000 0.000000
143.925000 0.000000
143.975000 0.000000
144.025000 0.000000
144.075000 0.000000
144.125000 0.000000
144.175000 0.000000
144.225000 0.000000
144.275000 0.000000
144.325000 0.000000
144.375000 0.000000
144.425000 0.000000
144.475000 0.000000
144.525000 0.000000
144.575000 0.000000
144.625000 0.000000
144.675000 0.000000
144.725000 0.000000
144.775000 0.000000
144.825000 0.000000
144.875000 0.000000
144.925000 0.000000
144.975000 0.000000
145.025000 0.000000
145.075000 0.000000
145.125000 0.000000
145.175000 0.000000
145.225000 0.000000
145.275000 0.000000
145.325000 0.000000
145.375000 0.000000
145.425000 0.000000
145.475000 0.000000
145.525000 0.000000
145.575000 0.000000
145.625000 0.000000
145.675000 0.000000
145.725000 0.000000
145.775000 0.000000
145.825000 0.000000
145.875000 0.000000
145.925000 0.000000
145.975000 0.000000
146.025000 0.000000
146.075000 0.000000
146.125000 0.000000
146.175000 0.000000
146.225000 0.000000
146.275000 0.000000
146.325000 0.000000
146.375000 0.000000
146.425000 0.000000
146.475000 0.000000
146.525000 0.000000
146.575000 0.000000
146.625000 0.000000
146.675000 0.000000
146.725000 0.000000
146.775000 0.000000
146.825000 0.000000
146.875000 0.000000
146.925000 0.000000
146.975000 0.000000
147.025000 0.000000
147.075000 0.000000
147.125000 0.000000
147.175000 0.000000
147.225000 0.000000
147.275000 0.000000
147.325000 0.000000
147.375000 0.000000
147.425000 0.000000
147.475000 0.000000
147.525000 0.000000
147.575000 0.000000
147.625000 0.000000
147.675000 0.000000
147.725000 0.000000
147.775000 0.000000
147.825000 0.000000
147.875000 0.000000
147.925000 0.000000
147.975000 0.000000
148.025000 0.000000
148.075000 0.000000
148.125000 0.000000
148.175000 0.000000
148.225000 0.000000
148.275000 0.000000
148.325000 0.000000
148.375000 0.000000
148.425000 0.000000
148.475000 0.000000
148.525000 0.000000
148.575000 0.000000
148.625000 0.000000
148.675000 0.000000
148.725000 0.000000
148.775000 0.000000
148.825000 0.000000
148.875000 0.000000
148.925000 0.000000
148.975000 0.000000
149.025000 0.000000
149.075000 0.000000
149.125000 0.000000
149.175000 0.000000
149.225000 0.000000
149.275000 0.000000
149.325000 0.000000
149.375000 0.000000
149.425000 0.000000
149.475000 0.000000
149.525000 0.000000
149.575000 0.000000
149.625000 0.000000
149.675000 0.000000
149.725000 0.000000
149.775000 0.000000
149.825000 0.000000
149.875000 0.000000
149.925000 0.000000
149.975000 0.000000
150.025000 0.000000
150.075000 0.000000
150.125000 0.000000
150.175000 0.000000
150.225000 0.000000
150.275000 0.000000
150.325000 0.000000
150.375000 0.000000
150.425000 0.000000
150.475000 0.000000
150.525000 0.000000
150.575000 0.000000
150.625000 0.000000
150.675000 0.000000
150.725000 0.000000
150.775000 0.000000
150.825000 0.000000
150.875000 0.000000
150.925000 0.000000
150.975000 0.000000
151.025000 0.000000
151.075000 0.000000
151.125000 0.000000
151.175000 0.000000
151.225000 0.000000
151.275000 0.000000
151.325000 0.000000
151.375000 0.000000
151.425000 0.000000
151.475000 0.000000
151.525000 0.000000
151.575000 0.000000
151.625000 0.000000
151.675000 0.000000
151.725000 0.000000
151.775000 0.000000
151.825000 0.000000
151.875000 0.000000
151.925000 0.000000
151.975000 0.000000
152.025000 0.000000
152.075000 0.000000
152.125000 0.000000
152.175000 0.000000
152.225000 0.000000
152.275000 0.000000
152.325000 0.000000
152.375000 0.000000
152.425000 0.000000
152.475000 0.000000
152.525000 0.000000
152.575000 0.000000
152.625000 0.000000
152.675000 0.000000
152.725000 0.000000
152.775000 0.000000
152.825000 0.000000
152.875000 0.000000
152.925000 0.000000
152.975000 0.000000
153.025000 0.000000
153.075000 0.000000
153.125000 0.000000
153.175000 0.000000
153.225000 0.000000
153.275000 0.000000
153.325000 0.000000
153.375000 0.000000
153.425000 0.000000
153.475000 0.000000
153.525000 0.000000
153.575000 0.000000
153.625000 0.000000
153.675000 0.000000
153.725000 0.000000
153.775000 0.000000
153.825000 0.000000
153.875000 0.000000
153.925000 0.000000
153.975000 0.000000
154.025000 0.000000
154.075000 0.000000
154.125000 0.000000
154.175000 0.000000
154.225000 0.000000
154.275000 0.000000
154.325000 0.000000
154.375000 0.000000
154.425000 0.000000
154.475000 0.000000
154.525000 0.000000
154.575000 0.000000
154.625000 0.000000
154.675000 0.000000
154.725000 0.000000
154.775000 0.000000
154.825000 0.000000
154.875000 0.000000
154.925000 0.000000
154.975000 0.000000
155.025000 0.000000
155.075000 0.000000
155.125000 0.000000
155.175000 0.000000
155.225000 0.000000
155.275000 0.000000
155.325000 0.000000
155.375000 0.000000
155.425000 0.000000
155.475000 0.000000
155.525000 0.000000
155.575000 0.000000
155.625000 0.000000
155.675000 0.000000
155.725000 0.000000
155.775000 0.000000
155.825000 0.000000
155.875000 0.000000
155.925000 0.000000
155.975000 0.000000
156.025000 0.000000
156.075000 0.000000
156.125000 0.000000
156.175000 0.000000
156.225000 0.000000
156.275000 0.000000
156.325000 0.000000
156.375000 0.000000
156.425000 0.000000
156.475000 0.000000
156.525000 0.000000
156.575000 0.000000
156.625000 0.000000
156.675000 0.000000
156.725000 0.000000
156.775000 0.000000
156.825000 0.000000
156.875000 0.000000
156.925000 0.000000
156.975000 0.000000
157.025000 0.000000
157.075000 0.000000
157.125000 0.000000
157.175000 0.000000
157.225000 0.000000
157.275000 0.000000
157.325000 0.000000
157.375000 0.000000
157.425000 0.000000
157.475000 0.000000
157.525000 0.000000
157.575000 0.000000
157.625000 0.000000
157.675000 0.000000
157.725000 0.000000
157.775000 0.000000
157.825000 0.000000
157.875000 0.000000
157.925000 0.000000
157.975000 0.000000
158.025000 0.000000
158.075000 0.000000
158.125000 0.000000
158.175000 0.000000
158.225000 0.000000
158.275000 0.000000
158.325000 0.000000
158.375000 0.000000
158.425000 0.000000
158.475000 0.000000
158.525000 0.000000
158.575000 0.000000
158.625000 0.000000
158.675000 0.000000
158.725000 0.000000
158.775000 0.000000
158.825000 0.000000
158.875000 0.000000
158.925000 0.000000
158.975000 0.000000
159.025000 0.000000
159.075000 0.000000
159.125000 0.000000
159.175000 0.000000
159.225000 0.000000
159.275000 0.000000
159.325000 0.000000
159.375000 0.000000
159.425000 0.000000
159.475000 0.000000
159.525000 0.000000
159.575000 0.000000
159.625000 0.000000
159.675000 0.000000
159.725000 0.000000
159.775000 0.000000
159.825000 0.000000
159.875000 0.000000
159.925000 0.000000
159.975000 0.000000
160.025000 0.000000
160.075000 0.000000
160.125000 0.000000
160.175000 0.000000
160.225000 0.000000
160.275000 0.000000
160.325000 0.000000
160.375000 0.000000
160.425000 0.000000
160.475000 0.000000
160.525000 0.000000
160.575000 0.000000
160.625000 0.000000
160.675000 0.000000
160.725000 0.000000
160.775000 0.000000
160.825000 0.000000
160.875000 0.000000
160.925000 0.000000
160.975000 0.000000
161.025000 0.000000
161.075000 0.000000
161.125000 0.000000
161.175000 0.000000
161.225000 0.000000
161.275000 0.000000
161.325000 0.000000
161.375000 0.000000
161.425000 0.000000
161.475000 0.000000
161.525000 0.000000
161.575000 0.000000
161.625000 0.000000
161.675000 0.000000
161.725000 0.000000
161.775000 0.000000
161.825000 0.000000
161.875000 0.000000
161.925000 0.000000
161.975000 0.000000
162.025000 0.000000
162.075000 0.000000
162.125000 0.000000
162.175000 0.000000
162.225000 0.000000
162.275000 0.000000
162.325000 0.000000
162.375000 0.000000
162.425000 0.000000
162.475000 0.000000
162.525000 0.000000
162.575000 0.000000
162.625000 0.000000
162.675000 0.000000
162.725000 0.000000
162.775000 0.000000
162.825000 0.000000
162.875000 0.000000
162.925000 0.000000
162.975000 0.000000
163.025000 0.000000
163.075000 0.000000
163.125000 0.000000
163.175000 0.000000
163.225000 0.000000
163.275000 0.000000
163.325000 0.000000
163.375000 0.000000
163.425000 0.000000
163.475000 0.000000
163.525000 0.000000
163.575000 0.000000
163.625000 0.000000
163.675000 0.000000
163.725000 0.000000
163.775000 0.000000
163.825000 0.000000
163.875000 0.000000
163.925000 0.000000
163.975000 0.000000
164.025000 0.000000
164.075000 0.000000
164.125000 0.000000
164.175000 0.000000
164.225000 0.000000
164.275000 0.000000
164.325000 0.000000
164.375000 0.000000
164.425000 0.000000
164.475000 0.000000
164.525000 0.000000
164.575000 0.000000
164.625000 0.000000
164.675000 0.000000
164.725000 0.000000
164.775000 0.000000
164.825000 0.000000
164.875000 0.000000
164.925000 0.000000
164.975000 0.000000
165.025000 0.000000
165.075000 0.000000
165.125000 0.000000
165.175000 0.000000
165.225000 0.000000
165.275000 0.000000
165.325000 0.000000
165.375000 0.000000
165.425000 0.000000
165.475000 0.000000
165.525000 0.000000
165.575000 0.000000
165.625000 0.000000
165.675000 0.000000
165.725000 0.000000
165.775000 0.000000
165.825000 0.000000
165.875000 0.000000
165.925000 0.000000
165.975000 0.000000
166.025000 0.000000
166.075000 0.000000
166.125000 0.000000
166.175000 0.000000
166.225000 0.000000
166.275000 0.000000
166.325000 0.000000
166.375000 0.000000
166.425000 0.000000
166.475000 0.000000
166.525000 0.000000
166.575000 0.000000
166.625000 0.000000
166.675000 0.000000
166.725000 0.000000
166.775000 0.000000
166.825000 0.000000
166.875000 0.000000
166.925000 0.000000
166.975000 0.000000
167.025000 0.000000
167.075000 0.000000
167.125000 0.000000
167.175000 0.000000
167.225000 0.000000
167.275000 0.000000
167.325000 0.000000
167.375000 0.000000
167.425000 0.000000
167.475000 0.000000
167.525000 0.000000
167.575000 0.000000
167.625000 0.000000
167.675000 0.000000
167.725000 0.000000
167.775000 0.000000
167.825000 0.000000
167.875000 0.000000
167.925000 0.000000
167.975000 0.000000
168.025000 0.000000
168.075000 0.000000
168.125000 0.000000
168.175000 0.000000
168.225000 0.000000
168.275000 0.000000
168.325000 0.000000
168.375000 0.000000
168.425000 0.000000
168.475000 0.000000
168.525000 0.000000
168.575000 0.000000
168.625000 0.000000
168.675000 0.000000
168.725000 0.000000
168.775000 0.000000
168.825000 0.000000
168.875000 0.000000
168.925000 0.000000
168.975000 0.000000
169.025000 0.000000
169.075000 0.000000
169.125000 0.000000
169.175000 0.000000
169.225000 0.000000
169.275000 0.000000
169.325000 0.000000
169.375000 0.000000
169.425000 0.000000
169.475000 0.000000
169.525000 0.000000
169.575000 0.000000
169.625000 0.000000
169.675000 0.000000
169.725000 0.000000
169.775000 0.000000
169.825000 0.000000
169.875000 0.000000
169.925000 0.000000
169.975000 0.000000
170.025000 0.000000
170.075000 0.000000
170.125000 0.000000
170.175000 0.000000
170.225000 0.000000
170.275000 0.000000
170.325000 0.000000
170.375000 0.000000
170.425000 0.000000
170.475000 0.000000
170.525000 0.000000
170.575000 0.000000
170.625000 0.000000
170.675000 0.000000
170.725000 0.000000
170.775000 0.000000
170.825000 0.000000
170.875000 0.000000
170.925000 0.000000
170.975000 0.000000
171.025000 0.000000
171.075000 0.000000
171.125000 0.000000
171.175000 0.000000
171.225000 0.000000
171.275000 0.000000
171.325000 0.000000
171.375000 0.000000
171.425000 0.000000
171.475000 0.000000
171.525000 0.000000
171.575000 0.000000
171.625000 0.000000
171.675000 0.000000
171.725000 0.000000
171.775000 0.000000
171.825000 0.000000
171.875000 0.000000
171.925000 0.000000
171.975000 0.000000
172.025000 0.000000
172.075000 0.000000
172.125000 0.000000
172.175000 0.000000
172.225000 0.000000
172.275000 0.000000
172.325000 0.000000
172.375000 0.000000
172.425000 0.000000
172.475000 0.000000
172.525000 0.000000
172.575000 0.000000
172.625000 0.000000
172.675000 0.000000
172.725000 0.000000
172.775000 0.000000
172.825000 0.000000
172.875000 0.000000
172.925000 0.000000
172.975000 0.000000
173.025000 0.000000
173.075000 0.000000
173.125000 0.000000
173.175000 0.000000
173.225000 0.000000
173.275000 0.000000
173.325000 0.000000
173.375000 0.000000
173.425000 0.000000
173.475000 0.000000
173.525000 0.000000
173.575000 0.000000
173.625000 0.000000
173.675000 0.000000
173.725000 0.000000
173.775000 0.000000
173.825000 0.000000
173.875000 0.000000
173.925000 0.000000
173.975000 0.000000
174.025000 0.000000
174.075000 0.000000
174.125000 0.000000
174.175000 0.000000
174.225000 0.000000
174.275000 0.000000
174.325000 0.000000
174.375000 0.000000
174.425000 0.000000
174.475000 0.000000
174.525000 0.000000
174.575000 0.000000
174.625000 0.000000
174.675000 0.000000
174.725000 0.000000
174.775000 0.000000
174.825000 0.000000
174.875000 0.000000
174.925000 0.000000
174.975000 0.000000
175.025000 0.000000
175.075000 0.000000
175.125000 0.000000
175.175000 0.000000
175.225000 0.000000
175.275000 0.000000
175.325000 0.000000
175.375000 0.000000
175.425000 0.000000
175.475000 0.000000
175.525000 0.000000
175.575000 0.000000
175.625000 0.000000
175.675000 0.000000
175.725000 0.000000
175.775000 0.000000
175.825000 0.000000
175.875000 0.000000
175.925000 0.000000
175.975000 0.000000
176.025000 0.000000
176.075000 0.000000
176.125000 0.000000
176.175000 0.000000
176.225000 0.000000
176.275000 0.000000
176.325000 0.000000
176.375000 0.000000
176.425000 0.000000
176.475000 0.000000
176.525000 0.000000
176.575000 0.000000
176.625000 0.000000
176.675000 0.000000
176.725000 0.000000
176.775000 0.000000
176.825000 0.000000
176.875000 0.000000
176.925000 0.000000
176.975000 0.000000
177.025000 0.000000
177.075000 0.000000
177.125000 0.000000
177.175000 0.000000
177.225000 0.000000
177.275000 0.000000
177.325000 0.000000
177.375000 0.000000
177.425000 0.000000
177.475000 0.000000
177.525000 0.000000
177.575000 0.000000
177.625000 0.000000
177.675000 0.000000
177.725000 0.000000
177.775000 0.000000
177.825000 0.000000
177.875000 0.000000
177.925000 0.000000
177.975000 0.000000
178.025000 0.000000
178.075000 0.000000
178.125000 0.000000
178.175000 0.000000
178.225000 0.000000
178.275000 0.000000
178.325000 0.000000
178.375000 0.000000
178.425000 0.000000
178.475000 0.000000
178.525000 0.000000
178.575000 0.000000
178.625000 0.000000
178.675000 0.000000
178.725000 0.000000
178.775000 0.000000
178.825000 0.000000
178.875000 0.000000
178.925000 0.000000
178.975000 0.000000
179.025000 0.000000
179.075000 0.000000
179.125000 0.000000
179.175000 0.000000
179.225000 0.000000
179.275000 0.000000
179.325000 0.000000
179.375000 0.000000
179.425000 0.000000
179.475000 0.000000
179.525000 0.000000
179.575000 0.000000
179.625000 0.000000
179.675000 0.000000
179.725000 0.000000
179.775000 0.000000
179.825000 0.000000
179.875000 0.000000
179.925000 0.000000
179.975000 0.000000
180.025000 0.000000
180.075000 0.000000
180.125000 0.000000
180.175000 0.000000
180.225000 0.000000
180.275000 0.000000
180.325000 0.000000
180.375000 0.000000
180.425000 0.000000
180.475000 0.000000
180.525000 0.000000
180.575000 0.000000
180.625000 0.000000
180.675000 0.000000
180.725000 0.000000
180.775000 0.000000
180.825000 0.000000
180.875000 0.000000
180.925000 0.000000
180.975000 0.000000
181.025000 0.000000
181.075000 0.000000
181.125000 0.000000
181.175000 0.000000
181.225000 0.000000
181.275000 0.000000
181.325000 0.000000
181.375000 0.000000
181.425000 0.000000
181.475000 0.000000
181.525000 0.000000
181.575000 0.000000
181.625000 0.000000
181.675000 0.000000
181.725000 0.000000
181.775000 0.000000
181.825000 0.000000
181.875000 0.000000
181.925000 0.000000
181.975000 0.000000
182.025000 0.000000
182.075000 0.000000
182.125000 0.000000
182.175000 0.000000
182.225000 0.000000
182.275000 0.000000
182.325000 0.000000
182.375000 0.000000
182.425000 0.000000
182.475000 0.000000
182.525000 0.000000
182.575000 0.000000
182.625000 0.000000
182.675000 0.000000
182.725000 0.000000
182.775000 0.000000
182.825000 0.000000
182.875000 0.000000
182.925000 0.000000
182.975000 0.000000
183.025000 0.000000
183.075000 0.000000
183.125000 0.000000
183.175000 0.000000
183.225000 0.000000
183.275000 0.000000
183.325000 0.000000
183.375000 0.000000
183.425000 0.000000
183.475000 0.000000
183.525000 0.000000
183.575000 0.000000
183.625000 0.000000
183.675000 0.000000
183.725000 0.000000
183.775000 0.000000
183.825000 0.000000
183.875000 0.000000
183.925000 0.000000
183.975000 0.000000
184.025000 0.000000
184.075000 0.000000
184.125000 0.000000
184.175000 0.000000
184.225000 0.000000
184.275000 0.000000
184.325000 0.000000
184.375000 0.000000
184.425000 0.000000
184.475000 0.000000
184.525000 0.000000
184.575000 0.000000
184.625000 0.000000
184.675000 0.000000
184.725000 0.000000
184.775000 0.000000
184.825000 0.000000
184.875000 0.000000
184.925000 0.000000
184.975000 0.000000
185.025000 0.000000
185.075000 0.000000
185.125000 0.000000
185.175000 0.000000
185.225000 0.000000
185.275000 0.000000
185.325000 0.000000
185.375000 0.000000
185.425000 0.000000
185.475000 0.000000
185.525000 0.000000
185.575000 0.000000
185.625000 0.000000
185.675000 0.000000
185.725000 0.000000
185.775000 0.000000
185.825000 0.000000
185.875000 0.000000
185.925000 0.000000
185.975000 0.000000
186.025000 0.000000
186.075000 0.000000
186.125000 0.000000
186.175000 0.000000
186.225000 0.000000
186.275000 0.000000
186.325000 0.000000
186.375000 0.000000
186.425000 0.000000
186.475000 0.000000
186.525000 0.000000
186.575000 0.000000
186.625000 0.000000
186.675000 0.000000
186.725000 0.000000
186.775000 0.000000
186.825000 0.000000
186.875000 0.000000
186.925000 0.000000
186.975000 0.000000
187.025000 0.000000
187.075000 0.000000
187.125000 0.000000
187.175000 0.000000
187.225000 0.000000
187.275000 0.000000
187.325000 0.000000
187.375000 0.000000
187.425000 0.000000
187.475000 0.000000
187.525000 0.000000
187.575000 0.000000
187.625000 0.000000
187.675000 0.000000
187.725000 0.000000
187.775000 0.000000
187.825000 0.000000
187.875000 0.000000
187.925000 0.000000
187.975000 0.000000
188.025000 0.000000
188.075000 0.000000
188.125000 0.000000
188.175000 0.000000
188.225000 0.000000
188.275000 0.000000
188.325000 0.000000
188.375000 0.000000
188.425000 0.000000
188.475000 0.000000
188.525000 0.000000
188.575000 0.000000
188.625000 0.000000
188.675000 0.000000
188.725000 0.000000
188.775000 0.000000
188.825000 0.000000
188.875000 0.000000
188.925000 0.000000
188.975000 0.000000
189.025000 0.000000
189.075000 0.000000
189.125000 0.000000
189.175000 0.000000
189.225000 0.000000
189.275000 0.000000
189.325000 0.000000
189.375000 0.000000
189.425000 0.000000
189.475000 0.000000
189.525000 0.000000
189.575000 0.000000
189.625000 0.000000
189.675000 0.000000
189.725000 0.000000
189.775000 0.000000
189.825000 0.000000
189.875000 0.000000
189.925000 0.000000
189.975000 0.000000
190.025000 0.000000
190.075000 0.000000
190.125000 0.000000
190.175000 0.000000
190.225000 0.000000
190.275000 0.000000
190.325000 0.000000
190.375000 0.000000
190.425000 0.000000
190.475000 0.000000
190.525000 0.000000
190.575000 0.000000
190.625000 0.000000
190.675000 0.000000
190.725000 0.000000
190.775000 0.000000
190.825000 0.000000
190.875000 0.000000
190.925000 0.000000
190.975000 0.000000
191.025000 0.000000
191.075000 0.000000
191.125000 0.000000
191.175000 0.000000
191.225000 0.000000
191.275000 0.000000
191.325000 0.000000
191.375000 0.000000
191.425000 0.000000
191.475000 0.000000
191.525000 0.000000
191.575000 0.000000
191.625000 0.000000
191.675000 0.000000
191.725000 0.000000
191.775000 0.000000
191.825000 0.000000
191.875000 0.000000
191.925000 0.000000
191.975000 0.000000
192.025000 0.000000
192.075000 0.000000
192.125000 0.000000
192.175000 0.000000
192.225000 0.000000
192.275000 0.000000
192.325000 0.000000
192.375000 0.000000
192.425000 0.000000
192.475000 0.000000
192.525000 0.000000
192.575000 0.000000
192.625000 0.000000
192.675000 0.000000
192.725000 0.000000
192.775000 0.000000
192.825000 0.000000
192.875000 0.000000
192.925000 0.000000
192.975000 0.000000
193.025000 0.000000
193.075000 0.000000
193.125000 0.000000
193.175000 0.000000
193.225000 0.000000
193.275000 0.000000
193.325000 0.000000
193.375000 0.000000
193.425000 0.000000
193.475000 0.000000
193.525000 0.000000
193.575000 0.000000
193.625000 0.000000
193.675000 0.000000
193.725000 0.000000
193.775000 0.000000
193.825000 0.000000
193.875000 0.000000
193.925000 0.000000
193.975000 0.000000
194.025000 0.000000
194.075000 0.000000
194.125000 0.000000
194.175000 0.000000
194.225000 0.000000
194.275000 0.000000
194.325000 0.000000
194.375000 0.000000
194.425000 0.000000
194.475000 0.000000
194.525000 0.000000
194.575000 0.000000
194.625000 0.000000
194.675000 0.000000
194.725000 0.000000
194.775000 0.000000
194.825000 0.000000
194.875000 0.000000
194.925000 0.000000
194.975000 0.000000
195.025000 0.000000
195.075000 0.000000
195.125000 0.000000
195.175000 0.000000
195.225000 0.000000
195.275000 0.000000
195.325000 0.000000
195.375000 0.000000
195.425000 0.000000
195.475000 0.000000
195.525000 0.000000
195.575000 0.000000
195.625000 0.000000
195.675000 0.000000
195.725000 0.000000
195.775000 0.000000
195.825000 0.000000
195.875000 0.000000
195.925000 0.000000
195.975000 0.000000
196.025000 0.000000
196.075000 0.000000
196.125000 0.000000
196.175000 0.000000
196.225000 0.000000
196.275000 0.000000
196.325000 0.000000
196.375000 0.000000
196.425000 0.000000
196.475000 0.000000
196.525000 0.000000
196.575000 0.000000
196.625000 0.000000
196.675000 0.000000
196.725000 0.000000
196.775000 0.000000
196.825000 0.000000
196.875000 0.000000
196.925000 0.000000
196.975000 0.000000
197.025000 0.000000
197.075000 0.000000
197.125000 0.000000
197.175000 0.000000
197.225000 0.000000
197.275000 0.000000
197.325000 0.000000
197.375000 0.000000
197.425000 0.000000
197.475000 0.000000
197.525000 0.000000
197.575000 0.000000
197.625000 0.000000
197.675000 0.000000
197.725000 0.000000
197.775000 0.000000
197.825000 0.000000
197.875000 0.000000
197.925000 0.000000
197.975000 0.000000
198.025000 0.000000
198.075000 0.000000
198.125000 0.000000
198.175000 0.000000
198.225000 0.000000
198.275000 0.000000
198.325000 0.000000
198.375000 0.000000
198.425000 0.000000
198.475000 0.000000
198.525000 0.000000
198.575000 0.000000
198.625000 0.000000
198.675000 0.000000
198.725000 0.000000
198.775000 0.000000
198.825000 0.000000
198.875000 0.000000
198.925000 0.000000
198.975000 0.000000
199.025000 0.000000
199.075000 0.000000
199.125000 0.000000
199.175000 0.000000
199.225000 0.000000
199.275000 0.000000
199.325000 0.000000
199.375000 0.000000
199.425000 0.000000
199.475000 0.000000
199.525000 0.000000
199.575000 0.000000
199.625000 0.000000
199.675000 0.000000
199.725000 0.000000
199.775000 0.000000
199.825000 0.000000
199.875000 0.000000
199.925000 0.000000
199.975000 0.000000
200.000000 0.000000