0.000000 1.000000
0.025000 1.000000
0.075000 1.000000
0.125000 1.000000
0.175000 1.000000
0.225000 1.000000
0.275000 1.000000
0.325000 1.000000
0.375000 1.000000
0.425000 1.000000
0.475000 1.000000
0.525000 1.000000
0.575000 1.000000
0.625000 1.000000
0.675000 1.000000
0.725000 1.000000
0.775000 1.000000
0.825000 1.000000
0.875000 1.000000
0.925000 1.000000
0.975000 1.000000
1.025000 1.000000
1.075000 1.000000
1.125000 1.000000
1.175000 1.000000
1.225000 1.000000
1.275000 1.000000
1.325000 1.000000
1.375000 1.000000
1.425000 1.000000
1.475000 1.000000
1.525000 1.000000
1.575000 1.000000
1.625000 1.000000
1.675000 1.000000
1.725000 1.000000
1.775000 1.000000
1.825000 1.000000
1.875000 1.000000
1.925000 1.000000
1.975000 1.000000
2.025000 1.000000
2.075000 1.000000
2.125000 1.000000
2.175000 1.000000
2.225000 1.000000
2.275000 1.000000
2.325000 1.000000
2.375000 1.000000
2.425000 1.000000
2.475000 1.000000
2.525000 1.000000
2.575000 1.000000
2.625000 1.000000
2.675000 1.000000
2.725000 1.000000
2.775000 1.000000
2.825000 1.000000
2.875000 1.000000
2.925000 1.000000
2.975000 1.000000
3.025000 1.000000
3.075000 1.000000
3.125000 1.000000
3.175000 1.000000
3.225000 1.000000
3.275000 1.000000
3.325000 1.000000
3.375000 1.000000
3.425000 1.000000
3.475000 1.000000
3.525000 1.000000
3.575000 1.000000
3.625000 1.000000
3.675000 1.000000
3.725000 1.000000
3.775000 1.000000
3.825000 1.000000
3.875000 1.000000
3.925000 1.000000
3.975000 1.000000
4.025000 1.000000
4.075000 1.000000
4.125000 1.000000
4.175000 1.000000
4.225000 1.000000
4.275000 1.000000
4.325000 1.000000
4.375000 1.000000
4.425000 1.000000
4.475000 1.000000
4.525000 1.000000
4.575000 1.000000
4.625000 1.000000
4.675000 1.000000
4.725000 1.000000
4.775000 1.000000
4.825000 1.000000
4.875000 1.000000
4.925000 1.000000
4.975000 1.000000
5.025000 1.000000
5.075000 1.000000
5.125000 1.000000
5.175000 1.000000
5.225000 1.000000
5.275000 1.000000
5.325000 1.000000
5.375000 1.000000
5.425000 1.000000
5.475000 1.000000
5.525000 1.000000
5.575000 1.000000
5.625000 1.000000
5.675000 1.000000
5.725000 1.000000
5.775000 1.000000
5.825000 1.000000
5.875000 1.000000
5.925000 1.000000
5.975000 1.000000
6.025000 1.000000
6.075000 1.000000
6.125000 1.000000
6.175000 1.000000
6.225000 1.000000
6.275000 1.000000
6.325000 1.000000
6.375000 1.000000
6.425000 1.000000
6.475000 1.000000
6.525000 1.000000
6.575000 1.000000
6.625000 1.000000
6.675000 1.000000
6.725000 1.000000
6.775000 1.000000
6.825000 1.000000
6.875000 1.000000
6.925000 1.000000
6.975000 1.000000
7.025000 1.000000
7.075000 1.000000
7.125000 1.000000
7.175000 1.000000
7.225000 1.000000
7.275000 1.000000
7.325000 1.000000
7.375000 1.000000
7.425000 1.000000
7.475000 1.000000
7.525000 1.000000
7.575000 1.000000
7.625000 1.000000
7.675000 1.000000
7.725000 1.000000
7.775000 1.000000
7.825000 1.000000
7.875000 1.000000
7.925000 1.000000
7.975000 1.000000
8.025000 1.000000
8.075000 1.000000
8.125000 1.000000
8.175000 1.000000
8.225000 1.000000
8.275000 1.000000
8.325000 1.000000
8.375000 1.000000
8.425000 1.000000
8.475000 1.000000
8.525000 1.000000
8.575000 1.000000
8.625000 1.000000
8.675000 1.000000
8.725000 1.000000
8.775000 1.000000
8.825000 1.000000
8.875000 1.000000
8.925000 1.000000
8.975000 1.000000
9.025000 1.000000
9.075000 1.000000
9.125000 1.000000
9.175000 1.000000
9.225000 1.000000
9.275000 1.000000
9.325000 1.000000
9.375000 1.000000
9.425000 1.000000
9.475000 1.000000
9.525000 1.000000
9.575000 1.000000
9.625000 1.000000
9.675000 1.000000
9.725000 1.000000
9.775000 1.000000
9.825000 1.000000
9.875000 1.000000
9.925000 1.000000
9.975000 1.000000
10.025000 1.000000
10.075000 1.000000
10.125000 1.000000
10.175000 1.000000
10.225000 1.000000
10.275000 1.000000
10.325000 1.000000
10.375000 1.000000
10.425000 1.000000
10.475000 1.000000
10.525000 1.000000
10.575000 1.000000
10.625000 1.000000
10.675000 1.000000
10.725000 1.000000
10.775000 1.000000
10.825000 1.000000
10.875000 1.000000
10.925000 1.000000
10.975000 1.000000
11.025000 1.000000
11.075000 1.000000
11.125000 1.000000
11.175000 1.000000
11.225000 1.000000
11.275000 1.000000
11.325000 1.000000
11.375000 1.000000
11.425000 1.000000
11.475000 1.000000
11.525000 1.000000
11.575000 1.000000
11.625000 1.000000
11.675000 1.000000
11.725000 1.000000
11.775000 1.000000
11.825000 1.000000
11.875000 1.000000
11.925000 1.000000
11.975000 1.000000
12.025000 1.000000
12.075000 1.000000
12.125000 1.000000
12.175000 1.000000
12.225000 1.000000
12.275000 1.000000
12.325000 1.000000
12.375000 1.000000
12.425000 1.000000
12.475000 1.000000
12.525000 0.999999
12.575000 0.999999
12.625000 0.999999
12.675000 0.999999
12.725000 0.999999
12.775000 0.999999
12.825000 0.999999
12.875000 0.999999
12.925000 0.999999
12.975000 0.999999
13.025000 0.999999
13.075000 0.999999
13.125000 0.999999
13.175000 0.999999
13.225000 0.999999
13.275000 0.999999
13.325000 0.999999
13.375000 0.999999
13.425000 0.999999
13.475000 0.999999
13.525000 0.999999
13.575000 0.999999
13.625000 0.999999
13.675000 0.999999
13.725000 0.999999
13.775000 0.999999
13.825000 0.999999
13.875000 0.999999
13.925000 0.999999
13.975000 0.999999
14.025000 0.999999
14.075000 0.999999
14.125000 0.999999
14.175000 0.999999
14.225000 0.999999
14.275000 0.999999
14.325000 0.999999
14.375000 0.999999
14.425000 0.999999
14.475000 0.999999
14.525000 0.999999
14.575000 0.999999
14.625000 0.999999
14.675000 0.999999
14.725000 0.999999
14.775000 0.999999
14.825000 0.999999
14.875000 0.999999
14.925000 0.999999
14.975000 0.999999
15.025000 0.999999
15.075000 0.999999
15.125000 0.999998
15.175000 0.999998
15.225000 0.999998
15.275000 0.999998
15.325000 0.999998
15.375000 0.999998
15.425000 0.999998
15.475000 0.999998
15.525000 0.999998
15.575000 0.999998
15.625000 0.999998
15.675000 0.999998
15.725000 0.999998
15.775000 0.999998
15.825000 0.999998
15.875000 0.999998
15.925000 0.999998
15.975000 0.999998
16.025000 0.999998
16.075000 0.999998
16.125000 0.999998
16.175000 0.999998
16.225000 0.999998
16.275000 0.999998
16.325000 0.999997
16.375000 0.999997
16.425000 0.999997
16.475000 0.999997
16.525000 0.999997
16.575000 0.999997
16.625000 0.999997
16.675000 0.999997
16.725000 0.999997
16.775000 0.999997
16.825000 0.999997
16.875000 0.999997
16.925000 0.999997
16.975000 0.999997
17.025000 0.999997
17.075000 0.999997
17.125000 0.999996
17.175000 0.999996
17.225000 0.999996
17.275000 0.999996
17.325000 0.999996
17.375000 0.999996
17.425000 0.999996
17.475000 0.999996
17.525000 0.999996
17.575000 0.999996
17.625000 0.999996
17.675000 0.999996
17.725000 0.999995
17.775000 0.999995
17.825000 0.999995
17.875000 0.999995
17.925000 0.999995
17.975000 0.999995
18.025000 0.999995
18.075000 0.999995
18.125000 0.999995
18.175000 0.999995
18.225000 0.999994
18.275000 0.999994
18.325000 0.999994
18.375000 0.999994
18.425000 0.999994
18.475000 0.999994
18.525000 0.999994
18.575000 0.999993
18.625000 0.999993
18.675000 0.999993
18.725000 0.999993
18.775000 0.999993
18.825000 0.999993
18.875000 0.999993
18.925000 0.999992
18.975000 0.999992
19.025000 0.999992
19.075000 0.999992
19.125000 0.999992
19.175000 0.999992
19.225000 0.999991
19.275000 0.999991
19.325000 0.999991
19.375000 0.999991
19.425000 0.999991
19.475000 0.999990
19.525000 0.999990
19.575000 0.999990
19.625000 0.999990
19.675000 0.999990
19.725000 0.999989
19.775000 0.999989
19.825000 0.999989
19.875000 0.999989
19.925000 0.999988
19.975000 0.999988
20.025000 0.999988
20.075000 0.999988
20.125000 0.999987
20.175000 0.999987
20.225000 0.999987
20.275000 0.999987
20.325000 0.999986
20.375000 0.999986
20.425000 0.999986
20.475000 0.999985
20.525000 0.999985
20.575000 0.999985
20.625000 0.999985
20.675000 0.999984
20.725000 0.999984
20.775000 0.999984
20.825000 0.999983
20.875000 0.999983
20.925000 0.999982
20.975000 0.999982
21.025000 0.999982
21.075000 0.999981
21.125000 0.999981
21.175000 0.999980
21.225000 0.999980
21.275000 0.999980
21.325000 0.999979
21.375000 0.999979
21.425000 0.999978
21.475000 0.999978
21.525000 0.999977
21.575000 0.999977
21.625000 0.999976
21.675000 0.999976
21.725000 0.999975
21.775000 0.999975
21.825000 0.999974
21.875000 0.999974
21.925000 0.999973
21.975000 0.999973
22.025000 0.999972
22.075000 0.999971
22.125000 0.999971
22.175000 0.999970
22.225000 0.999970
22.275000 0.999969
22.325000 0.999968
22.375000 0.999968
22.425000 0.999967
22.475000 0.999966
22.525000 0.999966
22.575000 0.999965
22.625000 0.999964
22.675000 0.999963
22.725000 0.999962
22.775000 0.999962
22.825000 0.999961
22.875000 0.999960
22.925000 0.999959
22.975000 0.999958
23.025000 0.999957
23.075000 0.999957
23.125000 0.999956
23.175000 0.999955
23.225000 0.999954
23.275000 0.999953
23.325000 0.999952
23.375000 0.999951
23.425000 0.999950
23.475000 0.999949
23.525000 0.999947
23.575000 0.999946
23.625000 0.999945
23.675000 0.999944
23.725000 0.999943
23.775000 0.999942
23.825000 0.999940
23.875000 0.999939
23.925000 0.999938
23.975000 0.999936
24.025000 0.999935
24.075000 0.999934
24.125000 0.999932
24.175000 0.999931
24.225000 0.999929
24.275000 0.999928
24.325000 0.999926
24.375000 0.999925
24.425000 0.999923
24.475000 0.999922
24.525000 0.999920
24.575000 0.999918
24.625000 0.999916
24.675000 0.999915
24.725000 0.999913
24.775000 0.999911
24.825000 0.999909
24.875000 0.999907
24.925000 0.999905
24.975000 0.999903
25.025000 0.999901
25.075000 0.999899
25.125000 0.999897
25.175000 0.999895
25.225000 0.999892
25.275000 0.999890
25.325000 0.999888
25.375000 0.999885
25.425000 0.999883
25.475000 0.999881
25.525000 0.999878
25.575000 0.999875
25.625000 0.999873
25.675000 0.999870
25.725000 0.999867
25.775000 0.999864
25.825000 0.999862
25.875000 0.999859
25.925000 0.999856
25.975000 0.999853
26.025000 0.999849
26.075000 0.999846
26.125000 0.999843
26.175000 0.999840
26.225000 0.999836
26.275000 0.999833
26.325000 0.999829
26.375000 0.999826
26.425000 0.999822
26.475000 0.999818
26.525000 0.999814
26.575000 0.999810
26.625000 0.999806
26.675000 0.999802
26.725000 0.999798
26.775000 0.999794
26.825000 0.999789
26.875000 0.999785
26.925000 0.999780
26.975000 0.999775
27.025000 0.999771
27.075000 0.999766
27.125000 0.999761
27.175000 0.999756
27.225000 0.999751
27.275000 0.999745
27.325000 0.999740
27.375000 0.999734
27.425000 0.999729
27.475000 0.999723
27.525000 0.999717
27.575000 0.999711
27.625000 0.999705
27.675000 0.999699
27.725000 0.999692
27.775000 0.999686
27.825000 0.999679
27.875000 0.999672
27.925000 0.999665
27.975000 0.999658
28.025000 0.999651
28.075000 0.999643
28.125000 0.999636
28.175000 0.999628
28.225000 0.999620
28.275000 0.999612
28.325000 0.999604
28.375000 0.999595
28.425000 0.999587
28.475000 0.999578
28.525000 0.999569
28.575000 0.999560
28.625000 0.999551
28.675000 0.999541
28.725000 0.999531
28.775000 0.999521
28.825000 0.999511
28.875000 0.999501
28.925000 0.999490
28.975000 0.999479
29.025000 0.999468
29.075000 0.999457
29.125000 0.999446
29.175000 0.999434
29.225000 0.999422
29.275000 0.999410
29.325000 0.999397
29.375000 0.999384
29.425000 0.999371
29.475000 0.999358
29.525000 0.999344
29.575000 0.999330
29.625000 0.999316
29.675000 0.999302
29.725000 0.999287
29.775000 0.999272
29.825000 0.999256
29.875000 0.999240
29.925000 0.999224
29.975000 0.999208
30.025000 0.999191
30.075000 0.999174
30.125000 0.999156
30.175000 0.999138
30.225000 0.999120
30.275000 0.999102
30.325000 0.999083
30.375000 0.999063
30.425000 0.999043
30.475000 0.999023
30.525000 0.999002
30.575000 0.998981
30.625000 0.998959
30.675000 0.998937
30.725000 0.998915
30.775000 0.998892
30.825000 0.998868
30.875000 0.998844
30.925000 0.998820
30.975000 0.998795
31.025000 0.998769
31.075000 0.998743
31.125000 0.998717
31.175000 0.998689
31.225000 0.998662
31.275000 0.998633
31.325000 0.998604
31.375000 0.998575
31.425000 0.998544
31.475000 0.998514
31.525000 0.998482
31.575000 0.998450
31.625000 0.998417
31.675000 0.998384
31.725000 0.998349
31.775000 0.998314
31.825000 0.998279
31.875000 0.998242
31.925000 0.998205
31.975000 0.998167
32.025000 0.998128
32.075000 0.998088
32.125000 0.998048
32.175000 0.998007
32.225000 0.997964
32.275000 0.997921
32.325000 0.997877
32.375000 0.997832
32.425000 0.997786
32.475000 0.997740
32.525000 0.997692
32.575000 0.997643
32.625000 0.997593
32.675000 0.997542
32.725000 0.997490
32.775000 0.997437
32.825000 0.997383
32.875000 0.997327
32.925000 0.997271
32.975000 0.997213
33.025000 0.997154
33.075000 0.997094
33.125000 0.997032
33.175000 0.996969
33.225000 0.996905
33.275000 0.996840
33.325000 0.996773
33.375000 0.996705
33.425000 0.996635
33.475000 0.996564
33.525000 0.996491
33.575000 0.996417
33.625000 0.996341
33.675000 0.996264
33.725000 0.996185
33.775000 0.996105
33.825000 0.996022
33.875000 0.995938
33.925000 0.995852
33.975000 0.995765
34.025000 0.995675
34.075000 0.995584
34.125000 0.995490
34.175000 0.995395
34.225000 0.995298
34.275000 0.995199
34.325000 0.995097
34.375000 0.994994
34.425000 0.994888
34.475000 0.994780
34.525000 0.994670
34.575000 0.994557
34.625000 0.994443
34.675000 0.994325
34.725000 0.994206
34.775000 0.994083
34.825000 0.993959
34.875000 0.993831
34.925000 0.993701
34.975000 0.993568
35.025000 0.993433
35.075000 0.993294
35.125000 0.993153
35.175000 0.993008
35.225000 0.992861
35.275000 0.992711
35.325000 0.992557
35.375000 0.992400
35.425000 0.992240
35.475000 0.992077
35.525000 0.991910
35.575000 0.991739
35.625000 0.991565
35.675000 0.991388
35.725000 0.991207
35.775000 0.991022
35.825000 0.990833
35.875000 0.990640
35.925000 0.990443
35.975000 0.990242
36.025000 0.990037
36.075000 0.989827
36.125000 0.989613
36.175000 0.989395
36.225000 0.989172
36.275000 0.988945
36.325000 0.988713
36.375000 0.988476
36.425000 0.988234
36.475000 0.987987
36.525000 0.987735
36.575000 0.987477
36.625000 0.987214
36.675000 0.986946
36.725000 0.986673
36.775000 0.986393
36.825000 0.986108
36.875000 0.985817
36.925000 0.985520
36.975000 0.985216
37.025000 0.984907
37.075000 0.984591
37.125000 0.984268
37.175000 0.983939
37.225000 0.983603
37.275000 0.983260
37.325000 0.982910
37.375000 0.982553
37.425000 0.982188
37.475000 0.981816
37.525000 0.981437
37.575000 0.981049
37.625000 0.980654
37.675000 0.980250
37.725000 0.979838
37.775000 0.979418
37.825000 0.978989
37.875000 0.978551
37.925000 0.978104
37.975000 0.977648
38.025000 0.977183
38.075000 0.976708
38.125000 0.976224
38.175000 0.975729
38.225000 0.975225
38.275000 0.974710
38.325000 0.974185
38.375000 0.973650
38.425000 0.973103
38.475000 0.972545
38.525000 0.971976
38.575000 0.971395
38.625000 0.970803
38.675000 0.970199
38.725000 0.969582
38.775000 0.968953
38.825000 0.968311
38.875000 0.967657
38.925000 0.966989
38.975000 0.966308
39.025000 0.965613
39.075000 0.964904
39.125000 0.964181
39.175000 0.963443
39.225000 0.962691
39.275000 0.961924
39.325000 0.961141
39.375000 0.960343
39.425000 0.959529
39.475000 0.958699
39.525000 0.957852
39.575000 0.956989
39.625000 0.956108
39.675000 0.955210
39.725000 0.954295
39.775000 0.953361
39.825000 0.952409
39.875000 0.951439
39.925000 0.950449
39.975000 0.949440
40.025000 0.948411
40.075000 0.947362
40.125000 0.946293
40.175000 0.945203
40.225000 0.944092
40.275000 0.942960
40.325000 0.941805
40.375000 0.940628
40.425000 0.939429
40.475000 0.938207
40.525000 0.936961
40.575000 0.935691
40.625000 0.934397
40.675000 0.933079
40.725000 0.931735
40.775000 0.930366
40.825000 0.928971
40.875000 0.927550
40.925000 0.926102
40.975000 0.924627
41.025000 0.923124
41.075000 0.921594
41.125000 0.920034
41.175000 0.918446
41.225000 0.916829
41.275000 0.915181
41.325000 0.913504
41.375000 0.911795
41.425000 0.910055
41.475000 0.908284
41.525000 0.906480
41.575000 0.904644
41.625000 0.902774
41.675000 0.900871
41.725000 0.898934
41.775000 0.896962
41.825000 0.894955
41.875000 0.892913
41.925000 0.890834
41.975000 0.888719
42.025000 0.886567
42.075000 0.884377
42.125000 0.882150
42.175000 0.879883
42.225000 0.877578
42.275000 0.875233
42.325000 0.872848
42.375000 0.870423
42.425000 0.867957
42.475000 0.865449
42.525000 0.862899
42.575000 0.860307
42.625000 0.857672
42.675000 0.854993
42.725000 0.852271
42.775000 0.849504
42.825000 0.846693
42.875000 0.843836
42.925000 0.840934
42.975000 0.837985
43.025000 0.834990
43.075000 0.831948
43.125000 0.828859
43.175000 0.825722
43.225000 0.822536
43.275000 0.819302
43.325000 0.816019
43.375000 0.812687
43.425000 0.809305
43.475000 0.805873
43.525000 0.802391
43.575000 0.798858
43.625000 0.795274
43.675000 0.791639
43.725000 0.787952
43.775000 0.784213
43.825000 0.780423
43.875000 0.776580
43.925000 0.772685
43.975000 0.768738
44.025000 0.764738
44.075000 0.760685
44.125000 0.756579
44.175000 0.752420
44.225000 0.748208
44.275000 0.743943
44.325000 0.739624
44.375000 0.735253
44.425000 0.730829
44.475000 0.726351
44.525000 0.721821
44.575000 0.717239
44.625000 0.712603
44.675000 0.707916
44.725000 0.703176
44.775000 0.698384
44.825000 0.693541
44.875000 0.688646
44.925000 0.683701
44.975000 0.678705
45.025000 0.673660
45.075000 0.668564
45.125000 0.663420
45.175000 0.658227
45.225000 0.652987
45.275000 0.647699
45.325000 0.642364
45.375000 0.636984
45.425000 0.631558
45.475000 0.626088
45.525000 0.620575
45.575000 0.615018
45.625000 0.609420
45.675000 0.603782
45.725000 0.598103
45.775000 0.592385
45.825000 0.586630
45.875000 0.580838
45.925000 0.575011
45.975000 0.569149
46.025000 0.563254
46.075000 0.557328
46.125000 0.551370
46.175000 0.545384
46.225000 0.539370
46.275000 0.533329
46.325000 0.527264
46.375000 0.521175
46.425000 0.515064
46.475000 0.508932
46.525000 0.502782
46.575000 0.496615
46.625000 0.490432
46.675000 0.484235
46.725000 0.478026
46.775000 0.471806
46.825000 0.465578
46.875000 0.459343
46.925000 0.453102
46.975000 0.446858
47.025000 0.440613
47.075000 0.434368
47.125000 0.428124
47.175000 0.421885
47.225000 0.415652
47.275000 0.409426
47.325000 0.403210
47.375000 0.397006
47.425000 0.390815
47.475000 0.384639
47.525000 0.378480
47.575000 0.372340
47.625000 0.366221
47.675000 0.360125
47.725000 0.354054
47.775000 0.348009
47.825000 0.341992
47.875000 0.336005
47.925000 0.330050
47.975000 0.324128
48.025000 0.318242
48.075000 0.312393
48.125000 0.306583
48.175000 0.300812
48.225000 0.295084
48.275000 0.289400
48.325000 0.283760
48.375000 0.278167
48.425000 0.272622
48.475000 0.267126
48.525000 0.261682
48.575000 0.256289
48.625000 0.250950
48.675000 0.245666
48.725000 0.240438
48.775000 0.235266
48.825000 0.230153
48.875000 0.225099
48.925000 0.220106
48.975000 0.215173
49.025000 0.210303
49.075000 0.205495
49.125000 0.200751
49.175000 0.196071
49.225000 0.191457
49.275000 0.186908
49.325000 0.182426
49.375000 0.178010
49.425000 0.173661
49.475000 0.169380
49.525000 0.165167
49.575000 0.161022
49.625000 0.156946
49.675000 0.152938
49.725000 0.148999
49.775000 0.145129
49.825000 0.141328
49.875000 0.137596
49.925000 0.133932
49.975000 0.130337
50.025000 0.126811
50.075000 0.123353
50.125000 0.119963
50.175000 0.116641
50.225000 0.113387
50.275000 0.110199
50.325000 0.107078
50.375000 0.104024
50.425000 0.101035
50.475000 0.098111
50.525000 0.095252
50.575000 0.092457
50.625000 0.089725
50.675000 0.087057
50.725000 0.084450
50.775000 0.081905
50.825000 0.079420
50.875000 0.076995
50.925000 0.074630
50.975000 0.072323
51.025000 0.070073
51.075000 0.067880
51.125000 0.065743
51.175000 0.063661
51.225000 0.061634
51.275000 0.059659
51.325000 0.057737
51.375000 0.055867
51.425000 0.054047
51.475000 0.052277
51.525000 0.050556
51.575000 0.048883
51.625000 0.047256
51.675000 0.045676
51.725000 0.044141
51.775000 0.042650
51.825000 0.041202
51.875000 0.039796
51.925000 0.038433
51.975000 0.037109
52.025000 0.035826
52.075000 0.034581
52.125000 0.033373
52.175000 0.032203
52.225000 0.031069
52.275000 0.029970
52.325000 0.028906
52.375000 0.027875
52.425000 0.026876
52.475000 0.025910
52.525000 0.024975
52.575000 0.024069
52.625000 0.023193
52.675000 0.022346
52.725000 0.021527
52.775000 0.020735
52.825000 0.019969
52.875000 0.019228
52.925000 0.018513
52.975000 0.017822
53.025000 0.017154
53.075000 0.016509
53.125000 0.015887
53.175000 0.015285
53.225000 0.014705
53.275000 0.014145
53.325000 0.013604
53.375000 0.013083
53.425000 0.012580
53.475000 0.012095
53.525000 0.011627
53.575000 0.011176
53.625000 0.010741
53.675000 0.010322
53.725000 0.009918
53.775000 0.009529
53.825000 0.009154
53.875000 0.008793
53.925000 0.008445
53.975000 0.008110
54.025000 0.007788
54.075000 0.007477
54.125000 0.007178
54.175000 0.006891
54.225000 0.006614
54.275000 0.006348
54.325000 0.006091
54.375000 0.005845
54.425000 0.005608
54.475000 0.005380
54.525000 0.005161
54.575000 0.004950
54.625000 0.004748
54.675000 0.004553
54.725000 0.004366
54.775000 0.004186
54.825000 0.004014
54.875000 0.003848
54.925000 0.003688
54.975000 0.003535
55.025000 0.003388
55.075000 0.003247
55.125000 0.003112
55.175000 0.002981
55.225000 0.002856
55.275000 0.002737
55.325000 0.002621
55.375000 0.002511
55.425000 0.002405
55.475000 0.002303
55.525000 0.002206
55.575000 0.002112
55.625000 0.002023
55.675000 0.001936
55.725000 0.001854
55.775000 0.001775
55.825000 0.001699
55.875000 0.001626
55.925000 0.001556
55.975000 0.001489
56.025000 0.001425
56.075000 0.001364
56.125000 0.001305
56.175000 0.001249
56.225000 0.001195
56.275000 0.001143
56.325000 0.001093
56.375000 0.001046
56.425000 0.001000
56.475000 0.000957
56.525000 0.000915
56.575000 0.000875
56.625000 0.000837
56.675000 0.000800
56.725000 0.000765
56.775000 0.000731
56.825000 0.000699
56.875000 0.000668
56.925000 0.000639
56.975000 0.000611
57.025000 0.000584
57.075000 0.000558
57.125000 0.000533
57.175000 0.000510
57.225000 0.000487
57.275000 0.000465
57.325000 0.000445
57.375000 0.000425
57.425000 0.000406
57.475000 0.000388
57.525000 0.000370
57.575000 0.000354
57.625000 0.000338
57.675000 0.000323
57.725000 0.000308
57.775000 0.000295
57.825000 0.000281
57.875000 0.000269
57.925000 0.000257
57.975000 0.000245
58.025000 0.000234
58.075000 0.000223
58.125000 0.000213
58.175000 0.000204
58.225000 0.000194
58.275000 0.000186
58.325000 0.000177
58.375000 0.000169
58.425000 0.000162
58.475000 0.000154
58.525000 0.000147
58.575000 0.000140
58.625000 0.000134
58.675000 0.000128
58.725000 0.000122
58.775000 0.000117
58.825000 0.000111
58.875000 0.000106
58.925000 0.000101
58.975000 0.000097
59.025000 0.000092
59.075000 0.000088
59.125000 0.000084
59.175000 0.000080
59.225000 0.000076
59.275000 0.000073
59.325000 0.000070
59.375000 0.000066
59.425000 0.000063
59.475000 0.000060
59.525000 0.000058
59.575000 0.000055
59.625000 0.000052
59.675000 0.000050
59.725000 0.000048
59.775000 0.000045
59.825000 0.000043
59.875000 0.000041
59.925000 0.000039
59.975000 0.000038
60.025000 0.000036
60.075000 0.000034
60.125000 0.000033
60.175000 0.000031
60.225000 0.000030
60.275000 0.000028
60.325000 0.000027
60.375000 0.000026
60.425000 0.000024
60.475000 0.000023
60.525000 0.000022
60.575000 0.000021
60.625000 0.000020
60.675000 0.000019
60.725000 0.000018
60.775000 0.000017
60.825000 0.000017
60.875000 0.000016
60.925000 0.000015
60.975000 0.000014
61.025000 0.000014
61.075000 0.000013
61.125000 0.000012
61.175000 0.000012
61.225000 0.000011
61.275000 0.000011
61.325000 0.000010
61.375000 0.000010
61.425000 0.000009
61.475000 0.000009
61.525000 0.000008
61.575000 0.000008
61.625000 0.000008
61.675000 0.000007
61.725000 0.000007
61.775000 0.000007
61.825000 0.000006
61.875000 0.000006
61.925000 0.000006
61.975000 0.000005
62.025000 0.000005
62.075000 0.000005
62.125000 0.000005
62.175000 0.000005
62.225000 0.000004
62.275000 0.000004
62.325000 0.000004
62.375000 0.000004
62.425000 0.000004
62.475000 0.000003
62.525000 0.000003
62.575000 0.000003
62.625000 0.000003
62.675000 0.000003
62.725000 0.000003
62.775000 0.000003
62.825000 0.000002
62.875000 0.000002
62.925000 0.000002
62.975000 0.000002
63.025000 0.000002
63.075000 0.000002
63.125000 0.000002
63.175000 0.000002
63.225000 0.000002
63.275000 0.000002
63.325000 0.000001
63.375000 0.000001
63.425000 0.000001
63.475000 0.000001
63.525000 0.000001
63.575000 0.000001
63.625000 0.000001
63.675000 0.000001
63.725000 0.000001
63.775000 0.000001
63.825000 0.000001
63.875000 0.000001
63.925000 0.000001
63.975000 0.000001
64.025000 0.000001
64.075000 0.000001
64.125000 0.000001
64.175000 0.000001
64.225000 0.000001
64.275000 0.000001
64.325000 0.000001
64.375000 0.000001
64.425000 0.000001
64.475000 0.000000
64.525000 0.000000
64.575000 0.000000
64.625000 0.000000
64.675000 0.000000
64.725000 0.000000
64.775000 0.000000
64.825000 0.000000
64.875000 0.000000
64.925000 0.000000
64.975000 0.000000
65.025000 0.000000
65.075000 0.000000
65.125000 0.000000
65.175000 0.000000
65.225000 0.000000
65.275000 0.000000
65.325000 0.000000
65.375000 0.000000
65.425000 0.000000
65.475000 0.000000
65.525000 0.000000
65.575000 0.000000
65.625000 0.000000
65.675000 0.000000
65.725000 0.000000
65.775000 0.000000
65.825000 0.000000
65.875000 0.000000
65.925000 0.000000
65.975000 0.000000
66.025000 0.000000
66.075000 0.000000
66.125000 0.000000
66.175000 0.000000
66.225000 0.000000
66.275000 0.000000
66.325000 0.000000
66.375000 0.000000
66.425000 0.000000
66.475000 0.000000
66.525000 0.000000
66.575000 0.000000
66.625000 0.000000
66.675000 0.000000
66.725000 0.000000
66.775000 0.000000
66.825000 0.000000
66.875000 0.000000
66.925000 0.000000
66.975000 0.000000
67.025000 0.000000
67.075000 0.000000
67.125000 0.000000
67.175000 0.000000
67.225000 0.000000
67.275000 0.000000
67.325000 0.000000
67.375000 0.000000
67.425000 0.000000
67.475000 0.000000
67.525000 0.000000
67.575000 0.000000
67.625000 0.000000
67.675000 0.000000
67.725000 0.000000
67.775000 0.000000
67.825000 0.000000
67.875000 0.000000
67.925000 0.000000
67.975000 0.000000
68.025000 0.000000
68.075000 0.000000
68.125000 0.000000
68.175000 0.000000
68.225000 0.000000
68.275000 0.000000
68.325000 0.000000
68.375000 0.000000
68.425000 0.000000
68.475000 0.000000
68.525000 0.000000
68.575000 0.000000
68.625000 0.000000
68.675000 0.000000
68.725000 0.000000
68.775000 0.000000
68.825000 0.000000
68.875000 0.000000
68.925000 0.000000
68.975000 0.000000
69.025000 0.000000
69.075000 0.000000
69.125000 0.000000
69.175000 0.000000
69.225000 0.000000
69.275000 0.000000
69.325000 0.000000
69.375000 0.000000
69.425000 0.000000
69.475000 0.000000
69.525000 0.000000
69.575000 0.000000
69.625000 0.000000
69.675000 0.000000
69.725000 0.000000
69.775000 0.000000
69.825000 0.000000
69.875000 0.000000
69.925000 0.000000
69.975000 0.000000
70.025000 0.000000
70.075000 0.000000
70.125000 0.000000
70.175000 0.000000
70.225000 0.000000
70.275000 0.000000
70.325000 0.000000
70.375000 0.000000
70.425000 0.000000
70.475000 0.000000
70.525000 0.000000
70.575000 0.000000
70.625000 0.000000
70.675000 0.000000
70.725000 0.000000
70.775000 0.000000
70.825000 0.000000
70.875000 0.000000
70.925000 0.000000
70.975000 0.000000
71.025000 0.000000
71.075000 0.000000
71.125000 0.000000
71.175000 0.000000
71.225000 0.000000
71.275000 0.000000
71.325000 0.000000
71.375000 0.000000
71.425000 0.000000
71.475000 0.000000
71.525000 0.000000
71.575000 0.000000
71.625000 0.000000
71.675000 0.000000
71.725000 0.000000
71.775000 0.000000
71.825000 0.000000
71.875000 0.000000
71.925000 0.000000
71.975000 0.000000
72.025000 0.000000
72.075000 0.000000
72.125000 0.000000
72.175000 0.000000
72.225000 0.000000
72.275000 0.000000
72.325000 0.000000
72.375000 0.000000
72.425000 0.000000
72.475000 0.000000
72.525000 0.000000
72.575000 0.000000
72.625000 0.000000
72.675000 0.000000
72.725000 0.000000
72.775000 0.000000
72.825000 0.000000
72.875000 0.000000
72.925000 0.000000
72.975000 0.000000
73.025000 0.000000
73.075000 0.000000
73.125000 0.000000
73.175000 0.000000
73.225000 0.000000
73.275000 0.000000
73.325000 0.000000
73.375000 0.000000
73.425000 0.000000
73.475000 0.000000
73.525000 0.000000
73.575000 0.000000
73.625000 0.000000
73.675000 0.000000
73.725000 0.000000
73.775000 0.000000
73.825000 0.000000
73.875000 0.000000
73.925000 0.000000
73.975000 0.000000
74.025000 0.000000
74.075000 0.000000
74.125000 0.000000
74.175000 0.000000
74.225000 0.000000
74.275000 0.000000
74.325000 0.000000
74.375000 0.000000
74.425000 0.000000
74.475000 0.000000
74.525000 0.000000
74.575000 0.000000
74.625000 0.000000
74.675000 0.000000
74.725000 0.000000
74.775000 0.000000
74.825000 0.000000
74.875000 0.000000
74.925000 0.000000
74.975000 0.000000
75.025000 0.000000
75.075000 0.000000
75.125000 0.000000
75.175000 0.000000
75.225000 0.000000
75.275000 0.000000
75.325000 0.000000
75.375000 0.000000
75.425000 0.000000
75.475000 0.000000
75.525000 0.000000
75.575000 0.000000
75.625000 0.000000
75.675000 0.000000
75.725000 0.000000
75.775000 0.000000
75.825000 0.000000
75.875000 0.000000
75.925000 0.000000
75.975000 0.000000
76.025000 0.000000
76.075000 0.000000
76.125000 0.000000
76.175000 0.000000
76.225000 0.000000
76.275000 0.000000
76.325000 0.000000
76.375000 0.000000
76.425000 0.000000
76.475000 0.000000
76.525000 0.000000
76.575000 0.000000
76.625000 0.000000
76.675000 0.000000
76.725000 0.000000
76.775000 0.000000
76.825000 0.000000
76.875000 0.000000
76.925000 0.000000
76.975000 0.000000
77.025000 0.000000
77.075000 0.000000
77.125000 0.000000
77.175000 0.000000
77.225000 0.000000
77.275000 0.000000
77.325000 0.000000
77.375000 0.000000
77.425000 0.000000
77.475000 0.000000
77.525000 0.000000
77.575000 0.000000
77.625000 0.000000
77.675000 0.000000
77.725000 0.000000
77.775000 0.000000
77.825000 0.000000
77.875000 0.000000
77.925000 0.000000
77.975000 0.000000
78.025000 0.000000
78.075000 0.000000
78.125000 0.000000
78.175000 0.000000
78.225000 0.000000
78.275000 0.000000
78.325000 0.000000
78.375000 0.000000
78.425000 0.000000
78.475000 0.000000
78.525000 0.000000
78.575000 0.000000
78.625000 0.000000
78.675000 0.000000
78.725000 0.000000
78.775000 0.000000
78.825000 0.000000
78.875000 0.000000
78.925000 0.000000
78.975000 0.000000
79.025000 0.000000
79.075000 0.000000
79.125000 0.000000
79.175000 0.000000
79.225000 0.000000
79.275000 0.000000
79.325000 0.000000
79.375000 0.000000
79.425000 0.000000
79.475000 0.000000
79.525000 0.000000
79.575000 0.000000
79.625000 0.000000
79.675000 0.000000
79.725000 0.000000
79.775000 0.000000
79.825000 0.000000
79.875000 0.000000
79.925000 0.000000
79.975000 0.000000
80.025000 0.000000
80.075000 0.000000
80.125000 0.000000
80.175000 0.000000
80.225000 0.000000
80.275000 0.000000
80.325000 0.000000
80.375000 0.000000
80.425000 0.000000
80.475000 0.000000
80.525000 0.000000
80.575000 0.000000
80.625000 0.000000
80.675000 0.000000
80.725000 0.000000
80.775000 0.000000
80.825000 0.000000
80.875000 0.000000
80.925000 0.000000
80.975000 0.000000
81.025000 0.000000
81.075000 0.000000
81.125000 0.000000
81.175000 0.000000
81.225000 0.000000
81.275000 0.000000
81.325000 0.000000
81.375000 0.000000
81.425000 0.000000
81.475000 0.000000
81.525000 0.000000
81.575000 0.000000
81.625000 0.000000
81.675000 0.000000
81.725000 0.000000
81.775000 0.000000
81.825000 0.000000
81.875000 0.000000
81.925000 0.000000
81.975000 0.000000
82.025000 0.000000
82.075000 0.000000
82.125000 0.000000
82.175000 0.000000
82.225000 0.000000
82.275000 0.000000
82.325000 0.000000
82.375000 0.000000
82.425000 0.000000
82.475000 0.000000
82.525000 0.000000
82.575000 0.000000
82.625000 0.000000
82.675000 0.000000
82.725000 0.000000
82.775000 0.000000
82.825000 0.000000
82.875000 0.000000
82.925000 0.000000
82.975000 0.000000
83.025000 0.000000
83.075000 0.000000
83.125000 0.000000
83.175000 0.000000
83.225000 0.000000
83.275000 0.000000
83.325000 0.000000
83.375000 0.000000
83.425000 0.000000
83.475000 0.000000
83.525000 0.000000
83.575000 0.000000
83.625000 0.000000
83.675000 0.000000
83.725000 0.000000
83.775000 0.000000
83.825000 0.000000
83.875000 0.000000
83.925000 0.000000
83.975000 0.000000
84.025000 0.000000
84.075000 0.000000
84.125000 0.000000
84.175000 0.000000
84.225000 0.000000
84.275000 0.000000
84.325000 0.000000
84.375000 0.000000
84.425000 0.000000
84.475000 0.000000
84.525000 0.000000
84.575000 0.000000
84.625000 0.000000
84.675000 0.000000
84.725000 0.000000
84.775000 0.000000
84.825000 0.000000
84.875000 0.000000
84.925000 0.000000
84.975000 0.000000
85.025000 0.000000
85.075000 0.000000
85.125000 0.000000
85.175000 0.000000
85.225000 0.000000
85.275000 0.000000
85.325000 0.000000
85.375000 0.000000
85.425000 0.000000
85.475000 0.000000
85.525000 0.000000
85.575000 0.000000
85.625000 0.000000
85.675000 0.000000
85.725000 0.000000
85.775000 0.000000
85.825000 0.000000
85.875000 0.000000
85.925000 0.000000
85.975000 0.000000
86.025000 0.000000
86.075000 0.000000
86.125000 0.000000
86.175000 0.000000
86.225000 0.000000
86.275000 0.000000
86.325000 0.000000
86.375000 0.000000
86.425000 0.000000
86.475000 0.000000
86.525000 0.000000
86.575000 0.000000
86.625000 0.000000
86.675000 0.000000
86.725000 0.000000
86.775000 0.000000
86.825000 0.000000
86.875000 0.000000
86.925000 0.000000
86.975000 0.000000
87.025000 0.000000
87.075000 0.000000
87.125000 0.000000
87.175000 0.000000
87.225000 0.000000
87.275000 0.000000
87.325000 0.000000
87.375000 0.000000
87.425000 0.000000
87.475000 0.000000
87.525000 0.000000
87.575000 0.000000
87.625000 0.000000
87.675000 0.000000
87.725000 0.000000
87.775000 0.000000
87.825000 0.000000
87.875000 0.000000
87.925000 0.000000
87.975000 0.000000
88.025000 0.000000
88.075000 0.000000
88.125000 0.000000
88.175000 0.000000
88.225000 0.000000
88.275000 0.000000
88.325000 0.000000
88.375000 0.000000
88.425000 0.000000
88.475000 0.000000
88.525000 0.000000
88.575000 0.000000
88.625000 0.000000
88.675000 0.000000
88.725000 0.000000
88.775000 0.000000
88.825000 0.000000
88.875000 0.000000
88.925000 0.000000
88.975000 0.000000
89.025000 0.000000
89.075000 0.000000
89.125000 0.000000
89.175000 0.000000
89.225000 0.000000
89.275000 0.000000
89.325000 0.000000
89.375000 0.000000
89.425000 0.000000
89.475000 0.000000
89.525000 0.000000
89.575000 0.000000
89.625000 0.000000
89.675000 0.000000
89.725000 0.000000
89.775000 0.000000
89.825000 0.000000
89.875000 0.000000
89.925000 0.000000
89.975000 0.000000
90.025000 0.000000
90.075000 0.000000
90.125000 0.000000
90.175000 0.000000
90.225000 0.000000
90.275000 0.000000
90.325000 0.000000
90.375000 0.000000
90.425000 0.000000
90.475000 0.000000
90.525000 0.000000
90.575000 0.000000
90.625000 0.000000
90.675000 0.000000
90.725000 0.000000
90.775000 0.000000
90.825000 0.000000
90.875000 0.000000
90.925000 0.000000
90.975000 0.000000
91.025000 0.000000
91.075000 0.000000
91.125000 0.000000
91.175000 0.000000
91.225000 0.000000
91.275000 0.000000
91.325000 0.000000
91.375000 0.000000
91.425000 0.000000
91.475000 0.000000
91.525000 0.000000
91.575000 0.000000
91.625000 0.000000
91.675000 0.000000
91.725000 0.000000
91.775000 0.000000
91.825000 0.000000
91.875000 0.000000
91.925000 0.000000
91.975000 0.000000
92.025000 0.000000
92.075000 0.000000
92.125000 0.000000
92.175000 0.000000
92.225000 0.000000
92.275000 0.000000
92.325000 0.000000
92.375000 0.000000
92.425000 0.000000
92.475000 0.000000
92.525000 0.000000
92.575000 0.000000
92.625000 0.000000
92.675000 0.000000
92.725000 0.000000
92.775000 0.000000
92.825000 0.000000
92.875000 0.000000
92.925000 0.000000
92.975000 0.000000
93.025000 0.000000
93.075000 0.000000
93.125000 0.000000
93.175000 0.000000
93.225000 0.000000
93.275000 0.000000
93.325000 0.000000
93.375000 0.000000
93.425000 0.000000
93.475000 0.000000
93.525000 0.000000
93.575000 0.000000
93.625000 0.000000
93.675000 0.000000
93.725000 0.000000
93.775000 0.000000
93.825000 0.000000
93.875000 0.000000
93.925000 0.000000
93.975000 0.000000
94.025000 0.000000
94.075000 0.000000
94.125000 0.000000
94.175000 0.000000
94.225000 0.000000
94.275000 0.000000
94.325000 0.000000
94.375000 0.000000
94.425000 0.000000
94.475000 0.000000
94.525000 0.000000
94.575000 0.000000
94.625000 0.000000
94.675000 0.000000
94.725000 0.000000
94.775000 0.000000
94.825000 0.000000
94.875000 0.000000
94.925000 0.000000
94.975000 0.000000
95.025000 0.000000
95.075000 0.000000
95.125000 0.000000
95.175000 0.000000
95.225000 0.000000
95.275000 0.000000
95.325000 0.000000
95.375000 0.000000
95.425000 0.000000
95.475000 0.000000
95.525000 0.000000
95.575000 0.000000
95.625000 0.000000
95.675000 0.000000
95.725000 0.000000
95.775000 0.000000
95.825000 0.000000
95.875000 0.000000
95.925000 0.000000
95.975000 0.000000
96.025000 0.000000
96.075000 0.000000
96.125000 0.000000
96.175000 0.000000
96.225000 0.000000
96.275000 0.000000
96.325000 0.000000
96.375000 0.000000
96.425000 0.000000
96.475000 0.000000
96.525000 0.000000
96.575000 0.000000
96.625000 0.000000
96.675000 0.000000
96.725000 0.000000
96.775000 0.000000
96.825000 0.000000
96.875000 0.000000
96.925000 0.000000
96.975000 0.000000
97.025000 0.000000
97.075000 0.000000
97.125000 0.000000
97.175000 0.000000
97.225000 0.000000
97.275000 0.000000
97.325000 0.000000
97.375000 0.000000
97.425000 0.000000
97.475000 0.000000
97.525000 0.000000
97.575000 0.000000
97.625000 0.000000
97.675000 0.000000
97.725000 0.000000
97.775000 0.000000
97.825000 0.000000
97.875000 0.000000
97.925000 0.000000
97.975000 0.000000
98.025000 0.000000
98.075000 0.000000
98.125000 0.000000
98.175000 0.000000
98.225000 0.000000
98.275000 0.000000
98.325000 0.000000
98.375000 0.000000
98.425000 0.000000
98.475000 0.000000
98.525000 0.000000
98.575000 0.000000
98.625000 0.000000
98.675000 0.000000
98.725000 0.000000
98.775000 0.000000
98.825000 0.000000
98.875000 0.000000
98.925000 0.000000
98.975000 0.000000
99.025000 0.000000
99.075000 0.000000
99.125000 0.000000
99.175000 0.000000
99.225000 0.000000
99.275000 0.000000
99.325000 0.000000
99.375000 0.000000
99.425000 0.000000
99.475000 0.000000
99.525000 0.000000
99.575000 0.000000
99.625000 0.000000
99.675000 0.000000
99.725000 0.000000
99.775000 0.000000
99.825000 0.000000
99.875000 0.000000
99.925000 0.000000
99.975000 0.000000
100.025000 0.000000
100.075000 0.000000
100.125000 0.000000
100.175000 0.000000
100.225000 0.000000
100.275000 0.000000
100.325000 0.000000
100.375000 0.000000
100.425000 0.000000
100.475000 0.000000
100.525000 0.000000
100.575000 0.000000
100.625000 0.000000
100.675000 0.000000
100.725000 0.000000
100.775000 0.000000
100.825000 0.000000
100.875000 0.000000
100.925000 0.000000
100.975000 0.000000
101.025000 0.000000
101.075000 0.000000
101.125000 0.000000
101.175000 0.000000
101.225000 0.000000
101.275000 0.000000
101.325000 0.000000
101.375000 0.000000
101.425000 0.000000
101.475000 0.000000
101.525000 0.000000
101.575000 0.000000
101.625000 0.000000
101.675000 0.000000
101.725000 0.000000
101.775000 0.000000
101.825000 0.000000
101.875000 0.000000
101.925000 0.000000
101.975000 0.000000
102.025000 0.000000
102.075000 0.000000
102.125000 0.000000
102.175000 0.000000
102.225000 0.000000
102.275000 0.000000
102.325000 0.000000
102.375000 0.000000
102.425000 0.000000
102.475000 0.000000
102.525000 0.000000
102.575000 0.000000
102.625000 0.000000
102.675000 0.000000
102.725000 0.000000
102.775000 0.000000
102.825000 0.000000
102.875000 0.000000
102.925000 0.000000
102.975000 0.000000
103.025000 0.000000
103.075000 0.000000
103.125000 0.000000
103.175000 0.000000
103.225000 0.000000
103.275000 0.000000
103.325000 0.000000
103.375000 0.000000
103.425000 0.000000
103.475000 0.000000
103.525000 0.000000
103.575000 0.000000
103.625000 0.000000
103.675000 0.000000
103.725000 0.000000
103.775000 0.000000
103.825000 0.000000
103.875000 0.000000
103.925000 0.000000
103.975000 0.000000
104.025000 0.000000
104.075000 0.000000
104.125000 0.000000
104.175000 0.000000
104.225000 0.000000
104.275000 0.000000
104.325000 0.000000
104.375000 0.000000
104.425000 0.000000
104.475000 0.000000
104.525000 0.000000
104.575000 0.000000
104.625000 0.000000
104.675000 0.000000
104.725000 0.000000
104.775000 0.000000
104.825000 0.000000
104.875000 0.000000
104.925000 0.000000
104.975000 0.000000
105.025000 0.000000
105.075000 0.000000
105.125000 0.000000
105.175000 0.000000
105.225000 0.000000
105.275000 0.000000
105.325000 0.000000
105.375000 0.000000
105.425000 0.000000
105.475000 0.000000
105.525000 0.000000
105.575000 0.000000
105.625000 0.000000
105.675000 0.000000
105.725000 0.000000
105.775000 0.000000
105.825000 0.000000
105.875000 0.000000
105.925000 0.000000
105.975000 0.000000
106.025000 0.000000
106.075000 0.000000
106.125000 0.000000
106.175000 0.000000
106.225000 0.000000
106.275000 0.000000
106.325000 0.000000
106.375000 0.000000
106.425000 0.000000
106.475000 0.000000
106.525000 0.000000
106.575000 0.000000
106.625000 0.000000
106.675000 0.000000
106.725000 0.000000
106.775000 0.000000
106.825000 0.000000
106.875000 0.000000
106.925000 0.000000
106.975000 0.000000
107.025000 0.000000
107.075000 0.000000
107.125000 0.000000
107.175000 0.000000
107.225000 0.000000
107.275000 0.000000
107.325000 0.000000
107.375000 0.000000
107.425000 0.000000
107.475000 0.000000
107.525000 0.000000
107.575000 0.000000
107.625000 0.000000
107.675000 0.000000
107.725000 0.000000
107.775000 0.000000
107.825000 0.000000
107.875000 0.000000
107.925000 0.000000
107.975000 0.000000
108.025000 0.000000
108.075000 0.000000
108.125000 0.000000
108.175000 0.000000
108.225000 0.000000
108.275000 0.000000
108.325000 0.000000
108.375000 0.000000
108.425000 0.000000
108.475000 0.000000
108.525000 0.000000
108.575000 0.000000
108.625000 0.000000
108.675000 0.000000
108.725000 0.000000
108.775000 0.000000
108.825000 0.000000
108.875000 0.000000
108.925000 0.000000
108.975000 0.000000
109.025000 0.000000
109.075000 0.000000
109.125000 0.000000
109.175000 0.000000
109.225000 0.000000
109.275000 0.000000
109.325000 0.000000
109.375000 0.000000
109.425000 0.000000
109.475000 0.000000
109.525000 0.000000
109.575000 0.000000
109.625000 0.000000
109.675000 0.000000
109.725000 0.000000
109.775000 0.000000
109.825000 0.000000
109.875000 0.000000
109.925000 0.000000
109.975000 0.000000
110.025000 0.000000
110.075000 0.000000
110.125000 0.000000
110.175000 0.000000
110.225000 0.000000
110.275000 0.000000
110.325000 0.000000
110.375000 0.000000
110.425000 0.000000
110.475000 0.000000
110.525000 0.000000
110.575000 0.000000
110.625000 0.000000
110.675000 0.000000
110.725000 0.000000
110.775000 0.000000
110.825000 0.000000
110.875000 0.000000
110.925000 0.000000
110.975000 0.000000
111.025000 0.000000
111.075000 0.000000
111.125000 0.000000
111.175000 0.000000
111.225000 0.000000
111.275000 0.000000
111.325000 0.000000
111.375000 0.000000
111.425000 0.000000
111.475000 0.000000
111.525000 0.000000
111.575000 0.000000
111.625000 0.000000
111.675000 0.000000
111.725000 0.000000
111.775000 0.000000
111.825000 0.000000
111.875000 0.000000
111.925000 0.000000
111.975000 0.000000
112.025000 0.000000
112.075000 0.000000
112.125000 0.000000
112.175000 0.000000
112.225000 0.000000
112.275000 0.000000
112.325000 0.000000
112.375000 0.000000
112.425000 0.000000
112.475000 0.000000
112.525000 0.000000
112.575000 0.000000
112.625000 0.000000
112.675000 0.000000
112.725000 0.000000
112.775000 0.000000
112.825000 0.000000
112.875000 0.000000
112.925000 0.000000
112.975000 0.000000
113.025000 0.000000
113.075000 0.000000
113.125000 0.000000
113.175000 0.000000
113.225000 0.000000
113.275000 0.000000
113.325000 0.000000
113.375000 0.000000
113.425000 0.000000
113.475000 0.000000
113.525000 0.000000
113.575000 0.000000
113.625000 0.000000
113.675000 0.000000
113.725000 0.000000
113.775000 0.000000
113.825000 0.000000
113.875000 0.000000
113.925000 0.000000
113.975000 0.000000
114.025000 0.000000
114.075000 0.000000
114.125000 0.000000
114.175000 0.000000
114.225000 0.000000
114.275000 0.000000
114.325000 0.000000
114.375000 0.000000
114.425000 0.000000
114.475000 0.000000
114.525000 0.000000
114.575000 0.000000
114.625000 0.000000
114.675000 0.000000
114.725000 0.000000
114.775000 0.000000
114.825000 0.000000
114.875000 0.000000
114.925000 0.000000
114.975000 0.000000
115.025000 0.000000
115.075000 0.000000
115.125000 0.000000
115.175000 0.000000
115.225000 0.000000
115.275000 0.000000
115.325000 0.000000
115.375000 0.000000
115.425000 0.000000
115.475000 0.000000
115.525000 0.000000
115.575000 0.000000
115.625000 0.000000
115.675000 0.000000
115.725000 0.000000
115.775000 0.000000
115.825000 0.000000
115.875000 0.000000
115.925000 0.000000
115.975000 0.000000
116.025000 0.000000
116.075000 0.000000
116.125000 0.000000
116.175000 0.000000
116.225000 0.000000
116.275000 0.000000
116.325000 0.000000
116.375000 0.000000
116.425000 0.000000
116.475000 0.000000
116.525000 0.000000
116.575000 0.000000
116.625000 0.000000
116.675000 0.000000
116.725000 0.000000
116.775000 0.000000
116.825000 0.000000
116.875000 0.000000
116.925000 0.000000
116.975000 0.000000
117.025000 0.000000
117.075000 0.000000
117.125000 0.000000
117.175000 0.000000
117.225000 0.000000
117.275000 0.000000
117.325000 0.000000
117.375000 0.000000
117.425000 0.000000
117.475000 0.000000
117.525000 0.000000
117.575000 0.000000
117.625000 0.000000
117.675000 0.000000
117.725000 0.000000
117.775000 0.000000
117.825000 0.000000
117.875000 0.000000
117.925000 0.000000
117.975000 0.000000
118.025000 0.000000
118.075000 0.000000
118.125000 0.000000
118.175000 0.000000
118.225000 0.000000
118.275000 0.000000
118.325000 0.000000
118.375000 0.000000
118.425000 0.000000
118.475000 0.000000
118.525000 0.000000
118.575000 0.000000
118.625000 0.000000
118.675000 0.000000
118.725000 0.000000
118.775000 0.000000
118.825000 0.000000
118.875000 0.000000
118.925000 0.000000
118.975000 0.000000
119.025000 0.000000
119.075000 0.000000
119.125000 0.000000
119.175000 0.000000
119.225000 0.000000
119.275000 0.000000
119.325000 0.000000
119.375000 0.000000
119.425000 0.000000
119.475000 0.000000
119.525000 0.000000
119.575000 0.000000
119.625000 0.000000
119.675000 0.000000
119.725000 0.000000
119.775000 0.000000
119.825000 0.000000
119.875000 0.000000
119.925000 0.000000
119.975000 0.000000
120.025000 0.000000
120.075000 0.000000
120.125000 0.000000
120.175000 0.000000
120.225000 0.000000
120.275000 0.000000
120.325000 0.000000
120.375000 0.000000
120.425000 0.000000
120.475000 0.000000
120.525000 0.000000
120.575000 0.000000
120.625000 0.000000
120.675000 0.000000
120.725000 0.000000
120.775000 0.000000
120.825000 0.000000
120.875000 0.000000
120.925000 0.000000
120.975000 0.000000
121.025000 0.000000
121.075000 0.000000
121.125000 0.000000
121.175000 0.000000
121.225000 0.000000
121.275000 0.000000
121.325000 0.000000
121.375000 0.000000
121.425000 0.000000
121.475000 0.000000
121.525000 0.000000
121.575000 0.000000
121.625000 0.000000
121.675000 0.000000
121.725000 0.000000
121.775000 0.000000
121.825000 0.000000
121.875000 0.000000
121.925000 0.000000
121.975000 0.000000
122.025000 0.000000
122.075000 0.000000
122.125000 0.000000
122.175000 0.000000
122.225000 0.000000
122.275000 0.000000
122.325000 0.000000
122.375000 0.000000
122.425000 0.000000
122.475000 0.000000
122.525000 0.000000
122.575000 0.000000
122.625000 0.000000
122.675000 0.000000
122.725000 0.000000
122.775000 0.000000
122.825000 0.000000
122.875000 0.000000
122.925000 0.000000
122.975000 0.000000
123.025000 0.000000
123.075000 0.000000
123.125000 0.000000
123.175000 0.000000
123.225000 0.000000
123.275000 0.000000
123.325000 0.000000
123.375000 0.000000
123.425000 0.000000
123.475000 0.000000
123.525000 0.000000
123.575000 0.000000
123.625000 0.000000
123.675000 0.000000
123.725000 0.000000
123.775000 0.000000
123.825000 0.000000
123.875000 0.000000
123.925000 0.000000
123.975000 0.000000
124.025000 0.000000
124.075000 0.000000
124.125000 0.000000
124.175000 0.000000
124.225000 0.000000
124.275000 0.000000
124.325000 0.000000
124.375000 0.000000
124.425000 0.000000
124.475000 0.000000
124.525000 0.000000
124.575000 0.000000
124.625000 0.000000
124.675000 0.000000
124.725000 0.000000
124.775000 0.000000
124.825000 0.000000
124.875000 0.000000
124.925000 0.000000
124.975000 0.000000
125.025000 0.000000
125.075000 0.000000
125.125000 0.000000
125.175000 0.000000
125.225000 0.000000
125.275000 0.000000
125.325000 0.000000
125.375000 0.000000
125.425000 0.000000
125.475000 0.000000
125.525000 0.000000
125.575000 0.000000
125.625000 0.000000
125.675000 0.000000
125.725000 0.000000
125.775000 0.000000
125.825000 0.000000
125.875000 0.000000
125.925000 0.000000
125.975000 0.000000
126.025000 0.000000
126.075000 0.000000
126.125000 0.000000
126.175000 0.000000
126.225000 0.000000
126.275000 0.000000
126.325000 0.000000
126.375000 0.000000
126.425000 0.000000
126.475000 0.000000
126.525000 0.000000
126.575000 0.000000
126.625000 0.000000
126.675000 0.000000
126.725000 0.000000
126.775000 0.000000
126.825000 0.000000
126.875000 0.000000
126.925000 0.000000
126.975000 0.000000
127.025000 0.000000
127.075000 0.000000
127.125000 0.000000
127.175000 0.000000
127.225000 0.000000
127.275000 0.000000
127.325000 0.000000
127.375000 0.000000
127.425000 0.000000
127.475000 0.000000
127.525000 0.000000
127.575000 0.000000
127.625000 0.000000
127.675000 0.000000
127.725000 0.000000
127.775000 0.000000
127.825000 0.000000
127.875000 0.000000
127.925000 0.000000
127.975000 0.000000
128.025000 0.000000
128.075000 0.000000
128.125000 0.000000
128.175000 0.000000
128.225000 0.000000
128.275000 0.000000
128.325000 0.000000
128.375000 0.000000
128.425000 0.000000
128.475000 0.000000
128.525000 0.000000
128.575000 0.000000
128.625000 0.000000
128.675000 0.000000
128.725000 0.000000
128.775000 0.000000
128.825000 0.000000
128.875000 0.000000
128.925000 0.000000
128.975000 0.000000
129.025000 0.000000
129.075000 0.000000
129.125000 0.000000
129.175000 0.000000
129.225000 0.000000
129.275000 0.000000
129.325000 0.000000
129.375000 0.000000
129.425000 0.000000
129.475000 0.000000
129.525000 0.000000
129.575000 0.000000
129.625000 0.000000
129.675000 0.000000
129.725000 0.000000
129.775000 0.000000
129.825000 0.000000
129.875000 0.000000
129.925000 0.000000
129.975000 0.000000
130.025000 0.000000
130.075000 0.000000
130.125000 0.000000
130.175000 0.000000
130.225000 0.000000
130.275000 0.000000
130.325000 0.000000
130.375000 0.000000
130.425000 0.000000
130.475000 0.000000
130.525000 0.000000
130.575000 0.000000
130.625000 0.000000
130.675000 0.000000
130.725000 0.000000
130.775000 0.000000
130.825000 0.000000
130.875000 0.000000
130.925000 0.000000
130.975000 0.000000
131.025000 0.000000
131.075000 0.000000
131.125000 0.000000
131.175000 0.000000
131.225000 0.000000
131.275000 0.000000
131.325000 0.000000
131.375000 0.000000
131.425000 0.000000
131.475000 0.000000
131.525000 0.000000
131.575000 0.000000
131.625000 0.000000
131.675000 0.000000
131.725000 0.000000
131.775000 0.000000
131.825000 0.000000
131.875000 0.000000
131.925000 0.000000
131.975000 0.000000
132.025000 0.000000
132.075000 0.000000
132.125000 0.000000
132.175000 0.000000
132.225000 0.000000
132.275000 0.000000
132.325000 0.000000
132.375000 0.000000
132.425000 0.000000
132.475000 0.000000
132.525000 0.000000
132.575000 0.000000
132.625000 0.000000
132.675000 0.000000
132.725000 0.000000
132.775000 0.000000
132.825000 0.000000
132.875000 0.000000
132.925000 0.000000
132.975000 0.000000
133.025000 0.000000
133.075000 0.000000
133.125000 0.000000
133.175000 0.000000
133.225000 0.000000
133.275000 0.000000
133.325000 0.000000
133.375000 0.000000
133.425000 0.000000
133.475000 0.000000
133.525000 0.000000
133.575000 0.000000
133.625000 0.000000
133.675000 0.000000
133.725000 0.000000
133.775000 0.000000
133.825000 0.000000
133.875000 0.000000
133.925000 0.000000
133.975000 0.000000
134.025000 0.000000
134.075000 0.000000
134.125000 0.000000
134.175000 0.000000
134.225000 0.000000
134.275000 0.000000
134.325000 0.000000
134.375000 0.000000
134.425000 0.000000
134.475000 0.000000
134.525000 0.000000
134.575000 0.000000
134.625000 0.000000
134.675000 0.000000
134.725000 0.000000
134.775000 0.000000
134.825000 0.000000
134.875000 0.000000
134.925000 0.000000
134.975000 0.000000
135.025000 0.000000
135.075000 0.000000
135.125000 0.000000
135.175000 0.000000
135.225000 0.000000
135.275000 0.000000
135.325000 0.000000
135.375000 0.000000
135.425000 0.000000
135.475000 0.000000
135.525000 0.000000
135.575000 0.000000
135.625000 0.000000
135.675000 0.000000
135.725000 0.000000
135.775000 0.000000
135.825000 0.000000
135.875000 0.000000
135.925000 0.000000
135.975000 0.000000
136.025000 0.000000
136.075000 0.000000
136.125000 0.000000
136.175000 0.000000
136.225000 0.000000
136.275000 0.000000
136.325000 0.000000
136.375000 0.000000
136.425000 0.000000
136.475000 0.000000
136.525000 0.000000
136.575000 0.000000
136.625000 0.000000
136.675000 0.000000
136.725000 0.000000
136.775000 0.000000
136.825000 0.000000
136.875000 0.000000
136.925000 0.000000
136.975000 0.000000
137.025000 0.000000
137.075000 0.000000
137.125000 0.000000
137.175000 0.000000
137.225000 0.000000
137.275000 0.000000
137.325000 0.000000
137.375000 0.000000
137.425000 0.000000
137.475000 0.000000
137.525000 0.000000
137.575000 0.000000
137.625000 0.000000
137.675000 0.000000
137.725000 0.000000
137.775000 0.000000
137.825000 0.000000
137.875000 0.000000
137.925000 0.000000
137.975000 0.000000
138.025000 0.000000
138.075000 0.000000
138.125000 0.000000
138.175000 0.000000
138.225000 0.000000
138.275000 0.000000
138.325000 0.000000
138.375000 0.000000
138.425000 0.000000
138.475000 0.000000
138.525000 0.000000
138.575000 0.000000
138.625000 0.000000
138.675000 0.000000
138.725000 0.000000
138.775000 0.000000
138.825000 0.000000
138.875000 0.000000
138.925000 0.000000
138.975000 0.000000
139.025000 0.000000
139.075000 0.000000
139.125000 0.000000
139.175000 0.000000
139.225000 0.000000
139.275000 0.000000
139.325000 0.000000
139.375000 0.000000
139.425000 0.000000
139.475000 0.000000
139.525000 0.000000
139.575000 0.000000
139.625000 0.000000
139.675000 0.000000
139.725000 0.000000
139.775000 0.000000
139.825000 0.000000
139.875000 0.000000
139.925000 0.000000
139.975000 0.000000
140.025000 0.000000
140.075000 0.000000
140.125000 0.000000
140.175000 0.000000
140.225000 0.000000
140.275000 0.000000
140.325000 0.000000
140.375000 0.000000
140.425000 0.000000
140.475000 0.000000
140.525000 0.000000
140.575000 0.000000
140.625000 0.000000
140.675000 0.000000
140.725000 0.000000
140.775000 0.000000
140.825000 0.000000
140.875000 0.000000
140.925000 0.000000
140.975000 0.000000
141.025000 0.000000
141.075000 0.000000
141.125000 0.000000
141.175000 0.000000
141.225000 0.000000
141.275000 0.000000
141.325000 0.000000
141.375000 0.000000
141.425000 0.000000
141.475000 0.000000
141.525000 0.000000
141.575000 0.000000
141.625000 0.000000
141.675000 0.000000
141.725000 0.000000
141.775000 0.000000
141.825000 0.000000
141.875000 0.000000
141.925000 0.000000
141.975000 0.000000
142.025000 0.000000
142.075000 0.000000
142.125000 0.000000
142.175000 0.000000
142.225000 0.000000
142.275000 0.000000
142.325000 0.000000
142.375000 0.000000
142.425000 0.000000
142.475000 0.000000
142.525000 0.000000
142.575000 0.000000
142.625000 0.000000
142.675000 0.000000
142.725000 0.000000
142.775000 0.000000
142.825000 0.000000
142.875000 0.000000
142.925000 0.000000
142.975000 0.000000
143.025000 0.000000
143.075000 0.000000
143.125000 0.000000
143.175000 0.000000
143.225000 0.000000
143.275000 0.000000
143.325000 0.000000
143.375000 0.000000
143.425000 0.000000
143.475000 0.000000
143.525000 0.000000
143.575000 0.000000
143.625000 0.000000
143.675000 0.000000
143.725000 0.000000
143.775000 0.000000
143.825000 0.000000
143.875000 0.000000
143.925000 0.000000
143.975000 0.000000
144.025000 0.000000
144.075000 0.000000
144.125000 0.000000
144.175000 0.000000
144.225000 0.000000
144.275000 0.000000
144.325000 0.000000
144.375000 0.000000
144.425000 0.000000
144.475000 0.000000
144.525000 0.000000
144.575000 0.000000
144.625000 0.000000
144.675000 0.000000
144.725000 0.000000
144.775000 0.000000
144.825000 0.000000
144.875000 0.000000
144.925000 0.000000
144.975000 0.000000
145.025000 0.000000
145.075000 0.000000
145.125000 0.000000
145.175000 0.000000
145.225000 0.000000
145.275000 0.000000
145.325000 0.000000
145.375000 0.000000
145.425000 0.000000
145.475000 0.000000
145.525000 0.000000
145.575000 0.000000
145.625000 0.000000
145.675000 0.000000
145.725000 0.000000
145.775000 0.000000
145.825000 0.000000
145.875000 0.000000
145.925000 0.000000
145.975000 0.000000
146.025000 0.000000
146.075000 0.000000
146.125000 0.000000
146.175000 0.000000
146.225000 0.000000
146.275000 0.000000
146.325000 0.000000
146.375000 0.000000
146.425000 0.000000
146.475000 0.000000
146.525000 0.000000
146.575000 0.000000
146.625000 0.000000
146.675000 0.000000
146.725000 0.000000
146.775000 0.000000
146.825000 0.000000
146.875000 0.000000
146.925000 0.000000
146.975000 0.000000
147.025000 0.000000
147.075000 0.000000
147.125000 0.000000
147.175000 0.000000
147.225000 0.000000
147.275000 0.000000
147.325000 0.000000
147.375000 0.000000
147.425000 0.000000
147.475000 0.000000
147.525000 0.000000
147.575000 0.000000
147.625000 0.000000
147.675000 0.000000
147.725000 0.000000
147.775000 0.000000
147.825000 0.000000
147.875000 0.000000
147.925000 0.000000
147.975000 0.000000
148.025000 0.000000
148.075000 0.000000
148.125000 0.000000
148.175000 0.000000
148.225000 0.000000
148.275000 0.000000
148.325000 0.000000
148.375000 0.000000
148.425000 0.000000
148.475000 0.000000
148.525000 0.000000
148.575000 0.000000
148.625000 0.000000
148.675000 0.000000
148.725000 0.000000
148.775000 0.000000
148.825000 0.000000
148.875000 0.000000
148.925000 0.000000
148.975000 0.000000
149.025000 0.000000
149.075000 0.000000
149.125000 0.000000
149.175000 0.000000
149.225000 0.000000
149.275000 0.000000
149.325000 0.000000
149.375000 0.000000
149.425000 0.000000
149.475000 0.000000
149.525000 0.000000
149.575000 0.000000
149.625000 0.000000
149.675000 0.000000
149.725000 0.000000
149.775000 0.000000
149.825000 0.000000
149.875000 0.000000
149.925000 0.000000
149.975000 0.000000
150.025000 0.000000
150.075000 0.000000
150.125000 0.000000
150.175000 0.000000
150.225000 0.000000
150.275000 0.000000
150.325000 0.000000
150.375000 0.000000
150.425000 0.000000
150.475000 0.000000
150.525000 0.000000
150.575000 0.000000
150.625000 0.000000
150.675000 0.000000
150.725000 0.000000
150.775000 0.000000
150.825000 0.000000
150.875000 0.000000
150.925000 0.000000
150.975000 0.000000
151.025000 0.000000
151.075000 0.000000
151.125000 0.000000
151.175000 0.000000
151.225000 0.000000
151.275000 0.000000
151.325000 0.000000
151.375000 0.000000
151.425000 0.000000
151.475000 0.000000
151.525000 0.000000
151.575000 0.000000
151.625000 0.000000
151.675000 0.000000
151.725000 0.000000
151.775000 0.000000
151.825000 0.000000
151.875000 0.000000
151.925000 0.000000
151.975000 0.000000
152.025000 0.000000
152.075000 0.000000
152.125000 0.000000
152.175000 0.000000
152.225000 0.000000
152.275000 0.000000
152.325000 0.000000
152.375000 0.000000
152.425000 0.000000
152.475000 0.000000
152.525000 0.000000
152.575000 0.000000
152.625000 0.000000
152.675000 0.000000
152.725000 0.000000
152.775000 0.000000
152.825000 0.000000
152.875000 0.000000
152.925000 0.000000
152.975000 0.000000
153.025000 0.000000
153.075000 0.000000
153.125000 0.000000
153.175000 0.000000
153.225000 0.000000
153.275000 0.000000
153.325000 0.000000
153.375000 0.000000
153.425000 0.000000
153.475000 0.000000
153.525000 0.000000
153.575000 0.000000
153.625000 0.000000
153.675000 0.000000
153.725000 0.000000
153.775000 0.000000
153.825000 0.000000
153.875000 0.000000
153.925000 0.000000
153.975000 0.000000
154.025000 0.000000
154.075000 0.000000
154.125000 0.000000
154.175000 0.000000
154.225000 0.000000
154.275000 0.000000
154.325000 0.000000
154.375000 0.000000
154.425000 0.000000
154.475000 0.000000
154.525000 0.000000
154.575000 0.000000
154.625000 0.000000
154.675000 0.000000
154.725000 0.000000
154.775000 0.000000
154.825000 0.000000
154.875000 0.000000
154.925000 0.000000
154.975000 0.000000
155.025000 0.000000
155.075000 0.000000
155.125000 0.000000
155.175000 0.000000
155.225000 0.000000
155.275000 0.000000
155.325000 0.000000
155.375000 0.000000
155.425000 0.000000
155.475000 0.000000
155.525000 0.000000
155.575000 0.000000
155.625000 0.000000
155.675000 0.000000
155.725000 0.000000
155.775000 0.000000
155.825000 0.000000
155.875000 0.000000
155.925000 0.000000
155.975000 0.000000
156.025000 0.000000
156.075000 0.000000
156.125000 0.000000
156.175000 0.000000
156.225000 0.000000
156.275000 0.000000
156.325000 0.000000
156.375000 0.000000
156.425000 0.000000
156.475000 0.000000
156.525000 0.000000
156.575000 0.000000
156.625000 0.000000
156.675000 0.000000
156.725000 0.000000
156.775000 0.000000
156.825000 0.000000
156.875000 0.000000
156.925000 0.000000
156.975000 0.000000
157.025000 0.000000
157.075000 0.000000
157.125000 0.000000
157.175000 0.000000
157.225000 0.000000
157.275000 0.000000
157.325000 0.000000
157.375000 0.000000
157.425000 0.000000
157.475000 0.000000
157.525000 0.000000
157.575000 0.000000
157.625000 0.000000
157.675000 0.000000
157.725000 0.000000
157.775000 0.000000
157.825000 0.000000
157.875000 0.000000
157.925000 0.000000
157.975000 0.000000
158.025000 0.000000
158.075000 0.000000
158.125000 0.000000
158.175000 0.000000
158.225000 0.000000
158.275000 0.000000
158.325000 0.000000
158.375000 0.000000
158.425000 0.000000
158.475000 0.000000
158.525000 0.000000
158.575000 0.000000
158.625000 0.000000
158.675000 0.000000
158.725000 0.000000
158.775000 0.000000
158.825000 0.000000
158.875000 0.000000
158.925000 0.000000
158.975000 0.000000
159.025000 0.000000
159.075000 0.000000
159.125000 0.000000
159.175000 0.000000
159.225000 0.000000
159.275000 0.000000
159.325000 0.000000
159.375000 0.000000
159.425000 0.000000
159.475000 0.000000
159.525000 0.000000
159.575000 0.000000
159.625000 0.000000
159.675000 0.000000
159.725000 0.000000
159.775000 0.000000
159.825000 0.000000
159.875000 0.000000
159.925000 0.000000
159.975000 0.000000
160.025000 0.000000
160.075000 0.000000
160.125000 0.000000
160.175000 0.000000
160.225000 0.000000
160.275000 0.000000
160.325000 0.000000
160.375000 0.000000
160.425000 0.000000
160.475000 0.000000
160.525000 0.000000
160.575000 0.000000
160.625000 0.000000
160.675000 0.000000
160.725000 0.000000
160.775000 0.000000
160.825000 0.000000
160.875000 0.000000
160.925000 0.000000
160.975000 0.000000
161.025000 0.000000
161.075000 0.000000
161.125000 0.000000
161.175000 0.000000
161.225000 0.000000
161.275000 0.000000
161.325000 0.000000
161.375000 0.000000
161.425000 0.000000
161.475000 0.000000
161.525000 0.000000
161.575000 0.000000
161.625000 0.000000
161.675000 0.000000
161.725000 0.000000
161.775000 0.000000
161.825000 0.000000
161.875000 0.000000
161.925000 0.000000
161.975000 0.000000
162.025000 0.000000
162.075000 0.000000
162.125000 0.000000
162.175000 0.000000
162.225000 0.000000
162.275000 0.000000
162.325000 0.000000
162.375000 0.000000
162.425000 0.000000
162.475000 0.000000
162.525000 0.000000
162.575000 0.000000
162.625000 0.000000
162.675000 0.000000
162.725000 0.000000
162.775000 0.000000
162.825000 0.000000
162.875000 0.000000
162.925000 0.000000
162.975000 0.000000
163.025000 0.000000
163.075000 0.000000
163.125000 0.000000
163.175000 0.000000
163.225000 0.000000
163.275000 0.000000
163.325000 0.000000
163.375000 0.000000
163.425000 0.000000
163.475000 0.000000
163.525000 0.000000
163.575000 0.000000
163.625000 0.000000
163.675000 0.000000
163.725000 0.000000
163.775000 0.000000
163.825000 0.000000
163.875000 0.000000
163.925000 0.000000
163.975000 0.000000
164.025000 0.000000
164.075000 0.000000
164.125000 0.000000
164.175000 0.000000
164.225000 0.000000
164.275000 0.000000
164.325000 0.000000
164.375000 0.000000
164.425000 0.000000
164.475000 0.000000
164.525000 0.000000
164.575000 0.000000
164.625000 0.000000
164.675000 0.000000
164.725000 0.000000
164.775000 0.000000
164.825000 0.000000
164.875000 0.000000
164.925000 0.000000
164.975000 0.000000
165.025000 0.000000
165.075000 0.000000
165.125000 0.000000
165.175000 0.000000
165.225000 0.000000
165.275000 0.000000
165.325000 0.000000
165.375000 0.000000
165.425000 0.000000
165.475000 0.000000
165.525000 0.000000
165.575000 0.000000
165.625000 0.000000
165.675000 0.000000
165.725000 0.000000
165.775000 0.000000
165.825000 0.000000
165.875000 0.000000
165.925000 0.000000
165.975000 0.000000
166.025000 0.000000
166.075000 0.000000
166.125000 0.000000
166.175000 0.000000
166.225000 0.000000
166.275000 0.000000
166.325000 0.000000
166.375000 0.000000
166.425000 0.000000
166.475000 0.000000
166.525000 0.000000
166.575000 0.000000
166.625000 0.000000
166.675000 0.000000
166.725000 0.000000
166.775000 0.000000
166.825000 0.000000
166.875000 0.000000
166.925000 0.000000
166.975000 0.000000
167.025000 0.000000
167.075000 0.000000
167.125000 0.000000
167.175000 0.000000
167.225000 0.000000
167.275000 0.000000
167.325000 0.000000
167.375000 0.000000
167.425000 0.000000
167.475000 0.000000
167.525000 0.000000
167.575000 0.000000
167.625000 0.000000
167.675000 0.000000
167.725000 0.000000
167.775000 0.000000
167.825000 0.000000
167.875000 0.000000
167.925000 0.000000
167.975000 0.000000
168.025000 0.000000
168.075000 0.000000
168.125000 0.000000
168.175000 0.000000
168.225000 0.000000
168.275000 0.000000
168.325000 0.000000
168.375000 0.000000
168.425000 0.000000
168.475000 0.000000
168.525000 0.000000
168.575000 0.000000
168.625000 0.000000
168.675000 0.000000
168.725000 0.000000
168.775000 0.000000
168.825000 0.000000
168.875000 0.000000
168.925000 0.000000
168.975000 0.000000
169.025000 0.000000
169.075000 0.000000
169.125000 0.000000
169.175000 0.000000
169.225000 0.000000
169.275000 0.000000
169.325000 0.000000
169.375000 0.000000
169.425000 0.000000
169.475000 0.000000
169.525000 0.000000
169.575000 0.000000
169.625000 0.000000
169.675000 0.000000
169.725000 0.000000
169.775000 0.000000
169.825000 0.000000
169.875000 0.000000
169.925000 0.000000
169.975000 0.000000
170.025000 0.000000
170.075000 0.000000
170.125000 0.000000
170.175000 0.000000
170.225000 0.000000
170.275000 0.000000
170.325000 0.000000
170.375000 0.000000
170.425000 0.000000
170.475000 0.000000
170.525000 0.000000
170.575000 0.000000
170.625000 0.000000
170.675000 0.000000
170.725000 0.000000
170.775000 0.000000
170.825000 0.000000
170.875000 0.000000
170.925000 0.000000
170.975000 0.000000
171.025000 0.000000
171.075000 0.000000
171.125000 0.000000
171.175000 0.000000
171.225000 0.000000
171.275000 0.000000
171.325000 0.000000
171.375000 0.000000
171.425000 0.000000
171.475000 0.000000
171.525000 0.000000
171.575000 0.000000
171.625000 0.000000
171.675000 0.000000
171.725000 0.000000
171.775000 0.000000
171.825000 0.000000
171.875000 0.000000
171.925000 0.000000
171.975000 0.000000
172.025000 0.000000
172.075000 0.000000
172.125000 0.000000
172.175000 0.000000
172.225000 0.000000
172.275000 0.000000
172.325000 0.000000
172.375000 0.000000
172.425000 0.000000
172.475000 0.000000
172.525000 0.000000
172.575000 0.000000
172.625000 0.000000
172.675000 0.000000
172.725000 0.000000
172.775000 0.000000
172.825000 0.000000
172.875000 0.000000
172.925000 0.000000
172.975000 0.000000
173.025000 0.000000
173.075000 0.000000
173.125000 0.000000
173.175000 0.000000
173.225000 0.000000
173.275000 0.000000
173.325000 0.000000
173.375000 0.000000
173.425000 0.000000
173.475000 0.000000
173.525000 0.000000
173.575000 0.000000
173.625000 0.000000
173.675000 0.000000
173.725000 0.000000
173.775000 0.000000
173.825000 0.000000
173.875000 0.000000
173.925000 0.000000
173.975000 0.000000
174.025000 0.000000
174.075000 0.000000
174.125000 0.000000
174.175000 0.000000
174.225000 0.000000
174.275000 0.000000
174.325000 0.000000
174.375000 0.000000
174.425000 0.000000
174.475000 0.000000
174.525000 0.000000
174.575000 0.000000
174.625000 0.000000
174.675000 0.000000
174.725000 0.000000
174.775000 0.000000
174.825000 0.000000
174.875000 0.000000
174.925000 0.000000
174.975000 0.000000
175.025000 0.000000
175.075000 0.000000
175.125000 0.000000
175.175000 0.000000
175.225000 0.000000
175.275000 0.000000
175.325000 0.000000
175.375000 0.000000
175.425000 0.000000
175.475000 0.000000
175.525000 0.000000
175.575000 0.000000
175.625000 0.000000
175.675000 0.000000
175.725000 0.000000
175.775000 0.000000
175.825000 0.000000
175.875000 0.000000
175.925000 0.000000
175.975000 0.000000
176.025000 0.000000
176.075000 0.000000
176.125000 0.000000
176.175000 0.000000
176.225000 0.000000
176.275000 0.000000
176.325000 0.000000
176.375000 0.000000
176.425000 0.000000
176.475000 0.000000
176.525000 0.000000
176.575000 0.000000
176.625000 0.000000
176.675000 0.000000
176.725000 0.000000
176.775000 0.000000
176.825000 0.000000
176.875000 0.000000
176.925000 0.000000
176.975000 0.000000
177.025000 0.000000
177.075000 0.000000
177.125000 0.000000
177.175000 0.000000
177.225000 0.000000
177.275000 0.000000
177.325000 0.000000
177.375000 0.000000
177.425000 0.000000
177.475000 0.000000
177.525000 0.000000
177.575000 0.000000
177.625000 0.000000
177.675000 0.000000
177.725000 0.000000
177.775000 0.000000
177.825000 0.000000
177.875000 0.000000
177.925000 0.000000
177.975000 0.000000
178.025000 0.000000
178.075000 0.000000
178.125000 0.000000
178.175000 0.000000
178.225000 0.000000
178.275000 0.000000
178.325000 0.000000
178.375000 0.000000
178.425000 0.000000
178.475000 0.000000
178.525000 0.000000
178.575000 0.000000
178.625000 0.000000
178.675000 0.000000
178.725000 0.000000
178.775000 0.000000
178.825000 0.000000
178.875000 0.000000
178.925000 0.000000
178.975000 0.000000
179.025000 0.000000
179.075000 0.000000
179.125000 0.000000
179.175000 0.000000
179.225000 0.000000
179.275000 0.000000
179.325000 0.000000
179.375000 0.000000
179.425000 0.000000
179.475000 0.000000
179.525000 0.000000
179.575000 0.000000
179.625000 0.000000
179.675000 0.000000
179.725000 0.000000
179.775000 0.000000
179.825000 0.000000
179.875000 0.000000
179.925000 0.000000
179.975000 0.000000
180.025000 0.000000
180.075000 0.000000
180.125000 0.000000
180.175000 0.000000
180.225000 0.000000
180.275000 0.000000
180.325000 0.000000
180.375000 0.000000
180.425000 0.000000
180.475000 0.000000
180.525000 0.000000
180.575000 0.000000
180.625000 0.000000
180.675000 0.000000
180.725000 0.000000
180.775000 0.000000
180.825000 0.000000
180.875000 0.000000
180.925000 0.000000
180.975000 0.000000
181.025000 0.000000
181.075000 0.000000
181.125000 0.000000
181.175000 0.000000
181.225000 0.000000
181.275000 0.000000
181.325000 0.000000
181.375000 0.000000
181.425000 0.000000
181.475000 0.000000
181.525000 0.000000
181.575000 0.000000
181.625000 0.000000
181.675000 0.000000
181.725000 0.000000
181.775000 0.000000
181.825000 0.000000
181.875000 0.000000
181.925000 0.000000
181.975000 0.000000
182.025000 0.000000
182.075000 0.000000
182.125000 0.000000
182.175000 0.000000
182.225000 0.000000
182.275000 0.000000
182.325000 0.000000
182.375000 0.000000
182.425000 0.000000
182.475000 0.000000
182.525000 0.000000
182.575000 0.000000
182.625000 0.000000
182.675000 0.000000
182.725000 0.000000
182.775000 0.000000
182.825000 0.000000
182.875000 0.000000
182.925000 0.000000
182.975000 0.000000
183.025000 0.000000
183.075000 0.000000
183.125000 0.000000
183.175000 0.000000
183.225000 0.000000
183.275000 0.000000
183.325000 0.000000
183.375000 0.000000
183.425000 0.000000
183.475000 0.000000
183.525000 0.000000
183.575000 0.000000
183.625000 0.000000
183.675000 0.000000
183.725000 0.000000
183.775000 0.000000
183.825000 0.000000
183.875000 0.000000
183.925000 0.000000
183.975000 0.000000
184.025000 0.000000
184.075000 0.000000
184.125000 0.000000
184.175000 0.000000
184.225000 0.000000
184.275000 0.000000
184.325000 0.000000
184.375000 0.000000
184.425000 0.000000
184.475000 0.000000
184.525000 0.000000
184.575000 0.000000
184.625000 0.000000
184.675000 0.000000
184.725000 0.000000
184.775000 0.000000
184.825000 0.000000
184.875000 0.000000
184.925000 0.000000
184.975000 0.000000
185.025000 0.000000
185.075000 0.000000
185.125000 0.000000
185.175000 0.000000
185.225000 0.000000
185.275000 0.000000
185.325000 0.000000
185.375000 0.000000
185.425000 0.000000
185.475000 0.000000
185.525000 0.000000
185.575000 0.000000
185.625000 0.000000
185.675000 0.000000
185.725000 0.000000
185.775000 0.000000
185.825000 0.000000
185.875000 0.000000
185.925000 0.000000
185.975000 0.000000
186.025000 0.000000
186.075000 0.000000
186.125000 0.000000
186.175000 0.000000
186.225000 0.000000
186.275000 0.000000
186.325000 0.000000
186.375000 0.000000
186.425000 0.000000
186.475000 0.000000
186.525000 0.000000
186.575000 0.000000
186.625000 0.000000
186.675000 0.000000
186.725000 0.000000
186.775000 0.000000
186.825000 0.000000
186.875000 0.000000
186.925000 0.000000
186.975000 0.000000
187.025000 0.000000
187.075000 0.000000
187.125000 0.000000
187.175000 0.000000
187.225000 0.000000
187.275000 0.000000
187.325000 0.000000
187.375000 0.000000
187.425000 0.000000
187.475000 0.000000
187.525000 0.000000
187.575000 0.000000
187.625000 0.000000
187.675000 0.000000
187.725000 0.000000
187.775000 0.000000
187.825000 0.000000
187.875000 0.000000
187.925000 0.000000
187.975000 0.000000
188.025000 0.000000
188.075000 0.000000
188.125000 0.000000
188.175000 0.000000
188.225000 0.000000
188.275000 0.000000
188.325000 0.000000
188.375000 0.000000
188.425000 0.000000
188.475000 0.000000
188.525000 0.000000
188.575000 0.000000
188.625000 0.000000
188.675000 0.000000
188.725000 0.000000
188.775000 0.000000
188.825000 0.000000
188.875000 0.000000
188.925000 0.000000
188.975000 0.000000
189.025000 0.000000
189.075000 0.000000
189.125000 0.000000
189.175000 0.000000
189.225000 0.000000
189.275000 0.000000
189.325000 0.000000
189.375000 0.000000
189.425000 0.000000
189.475000 0.000000
189.525000 0.000000
189.575000 0.000000
189.625000 0.000000
189.675000 0.000000
189.725000 0.000000
189.775000 0.000000
189.825000 0.000000
189.875000 0.000000
189.925000 0.000000
189.975000 0.000000
190.025000 0.000000
190.075000 0.000000
190.125000 0.000000
190.175000 0.000000
190.225000 0.000000
190.275000 0.000000
190.325000 0.000000
190.375000 0.000000
190.425000 0.000000
190.475000 0.000000
190.525000 0.000000
190.575000 0.000000
190.625000 0.000000
190.675000 0.000000
190.725000 0.000000
190.775000 0.000000
190.825000 0.000000
190.875000 0.000000
190.925000 0.000000
190.975000 0.000000
191.025000 0.000000
191.075000 0.000000
191.125000 0.000000
191.175000 0.000000
191.225000 0.000000
191.275000 0.000000
191.325000 0.000000
191.375000 0.000000
191.425000 0.000000
191.475000 0.000000
191.525000 0.000000
191.575000 0.000000
191.625000 0.000000
191.675000 0.000000
191.725000 0.000000
191.775000 0.000000
191.825000 0.000000
191.875000 0.000000
191.925000 0.000000
191.975000 0.000000
192.025000 0.000000
192.075000 0.000000
192.125000 0.000000
192.175000 0.000000
192.225000 0.000000
192.275000 0.000000
192.325000 0.000000
192.375000 0.000000
192.425000 0.000000
192.475000 0.000000
192.525000 0.000000
192.575000 0.000000
192.625000 0.000000
192.675000 0.000000
192.725000 0.000000
192.775000 0.000000
192.825000 0.000000
192.875000 0.000000
192.925000 0.000000
192.975000 0.000000
193.025000 0.000000
193.075000 0.000000
193.125000 0.000000
193.175000 0.000000
193.225000 0.000000
193.275000 0.000000
193.325000 0.000000
193.375000 0.000000
193.425000 0.000000
193.475000 0.000000
193.525000 0.000000
193.575000 0.000000
193.625000 0.000000
193.675000 0.000000
193.725000 0.000000
193.775000 0.000000
193.825000 0.000000
193.875000 0.000000
193.925000 0.000000
193.975000 0.000000
194.025000 0.000000
194.075000 0.000000
194.125000 0.000000
194.175000 0.000000
194.225000 0.000000
194.275000 0.000000
194.325000 0.000000
194.375000 0.000000
194.425000 0.000000
194.475000 0.000000
194.525000 0.000000
194.575000 0.000000
194.625000 0.000000
194.675000 0.000000
194.725000 0.000000
194.775000 0.000000
194.825000 0.000000
194.875000 0.000000
194.925000 0.000000
194.975000 0.000000
195.025000 0.000000
195.075000 0.000000
195.125000 0.000000
195.175000 0.000000
195.225000 0.000000
195.275000 0.000000
195.325000 0.000000
195.375000 0.000000
195.425000 0.000000
195.475000 0.000000
195.525000 0.000000
195.575000 0.000000
195.625000 0.000000
195.675000 0.000000
195.725000 0.000000
195.775000 0.000000
195.825000 0.000000
195.875000 0.000000
195.925000 0.000000
195.975000 0.000000
196.025000 0.000000
196.075000 0.000000
196.125000 0.000000
196.175000 0.000000
196.225000 0.000000
196.275000 0.000000
196.325000 0.000000
196.375000 0.000000
196.425000 0.000000
196.475000 0.000000
196.525000 0.000000
196.575000 0.000000
196.625000 0.000000
196.675000 0.000000
196.725000 0.000000
196.775000 0.000000
196.825000 0.000000
196.875000 0.000000
196.925000 0.000000
196.975000 0.000000
197.025000 0.000000
197.075000 0.000000
197.125000 0.000000
197.175000 0.000000
197.225000 0.000000
197.275000 0.000000
197.325000 0.000000
197.375000 0.000000
197.425000 0.000000
197.475000 0.000000
197.525000 0.000000
197.575000 0.000000
197.625000 0.000000
197.675000 0.000000
197.725000 0.000000
197.775000 0.000000
197.825000 0.000000
197.875000 0.000000
197.925000 0.000000
197.975000 0.000000
198.025000 0.000000
198.075000 0.000000
198.125000 0.000000
198.175000 0.000000
198.225000 0.000000
198.275000 0.000000
198.325000 0.000000
198.375000 0.000000
198.425000 0.000000
198.475000 0.000000
198.525000 0.000000
198.575000 0.000000
198.625000 0.000000
198.675000 0.000000
198.725000 0.000000
198.775000 0.000000
198.825000 0.000000
198.875000 0.000000
198.925000 0.000000
198.975000 0.000000
199.025000 0.000000
199.075000 0.000000
199.125000 0.000000
199.175000 0.000000
199.225000 0.000000
199.275000 0.000000
199.325000 0.000000
199.375000 0.000000
199.425000 0.000000
199.475000 0.000000
199.525000 0.000000
199.575000 0.000000
199.625000 0.000000
199.675000 0.000000
199.725000 0.000000
199.775000 0.000000
199.825000 0.000000
199.875000 0.000000
199.925000 0.000000
199.975000 0.000000
200.000000 0.000000