0.000000 1.000000
0.025000 1.000000
0.075000 1.000000
0.125000 1.000000
0.175000 1.000000
0.225000 1.000000
0.275000 1.000000
0.325000 1.000000
0.375000 1.000000
0.425000 1.000000
0.475000 1.000000
0.525000 1.000000
0.575000 1.000000
0.625000 1.000000
0.675000 1.000000
0.725000 1.000000
0.775000 1.000000
0.825000 1.000000
0.875000 1.000000
0.925000 1.000000
0.975000 1.000000
1.025000 1.000000
1.075000 1.000000
1.125000 1.000000
1.175000 1.000000
1.225000 1.000000
1.275000 1.000000
1.325000 1.000000
1.375000 1.000000
1.425000 1.000000
1.475000 1.000000
1.525000 1.000000
1.575000 1.000000
1.625000 1.000000
1.675000 1.000000
1.725000 1.000000
1.775000 1.000000
1.825000 1.000000
1.875000 1.000000
1.925000 1.000000
1.975000 1.000000
2.025000 1.000000
2.075000 1.000000
2.125000 1.000000
2.175000 1.000000
2.225000 1.000000
2.275000 1.000000
2.325000 1.000000
2.375000 1.000000
2.425000 1.000000
2.475000 1.000000
2.525000 1.000000
2.575000 1.000000
2.625000 1.000000
2.675000 1.000000
2.725000 1.000000
2.775000 1.000000
2.825000 1.000000
2.875000 1.000000
2.925000 1.000000
2.975000 1.000000
3.025000 1.000000
3.075000 1.000000
3.125000 1.000000
3.175000 1.000000
3.225000 1.000000
3.275000 1.000000
3.325000 1.000000
3.375000 1.000000
3.425000 1.000000
3.475000 1.000000
3.525000 1.000000
3.575000 1.000000
3.625000 1.000000
3.675000 1.000000
3.725000 1.000000
3.775000 1.000000
3.825000 1.000000
3.875000 1.000000
3.925000 1.000000
3.975000 1.000000
4.025000 1.000000
4.075000 1.000000
4.125000 1.000000
4.175000 1.000000
4.225000 1.000000
4.275000 1.000000
4.325000 1.000000
4.375000 1.000000
4.425000 1.000000
4.475000 1.000000
4.525000 1.000000
4.575000 1.000000
4.625000 1.000000
4.675000 1.000000
4.725000 1.000000
4.775000 1.000000
4.825000 1.000000
4.875000 1.000000
4.925000 1.000000
4.975000 1.000000
5.025000 1.000000
5.075000 1.000000
5.125000 1.000000
5.175000 1.000000
5.225000 1.000000
5.275000 1.000000
5.325000 1.000000
5.375000 1.000000
5.425000 1.000000
5.475000 1.000000
5.525000 1.000000
5.575000 1.000000
5.625000 1.000000
5.675000 1.000000
5.725000 1.000000
5.775000 1.000000
5.825000 1.000000
5.875000 1.000000
5.925000 1.000000
5.975000 1.000000
6.025000 1.000000
6.075000 1.000000
6.125000 1.000000
6.175000 1.000000
6.225000 1.000000
6.275000 1.000000
6.325000 1.000000
6.375000 1.000000
6.425000 1.000000
6.475000 1.000000
6.525000 1.000000
6.575000 1.000000
6.625000 1.000000
6.675000 1.000000
6.725000 1.000000
6.775000 1.000000
6.825000 1.000000
6.875000 1.000000
6.925000 1.000000
6.975000 1.000000
7.025000 1.000000
7.075000 1.000000
7.125000 1.000000
7.175000 1.000000
7.225000 1.000000
7.275000 1.000000
7.325000 1.000000
7.375000 1.000000
7.425000 1.000000
7.475000 1.000000
7.525000 1.000000
7.575000 1.000000
7.625000 1.000000
7.675000 1.000000
7.725000 1.000000
7.775000 1.000000
7.825000 1.000000
7.875000 1.000000
7.925000 1.000000
7.975000 1.000000
8.025000 1.000000
8.075000 1.000000
8.125000 1.000000
8.175000 1.000000
8.225000 1.000000
8.275000 1.000000
8.325000 1.000000
8.375000 1.000000
8.425000 1.000000
8.475000 1.000000
8.525000 1.000000
8.575000 1.000000
8.625000 1.000000
8.675000 1.000000
8.725000 1.000000
8.775000 1.000000
8.825000 1.000000
8.875000 1.000000
8.925000 1.000000
8.975000 1.000000
9.025000 1.000000
9.075000 1.000000
9.125000 1.000000
9.175000 1.000000
9.225000 1.000000
9.275000 1.000000
9.325000 1.000000
9.375000 1.000000
9.425000 1.000000
9.475000 1.000000
9.525000 1.000000
9.575000 1.000000
9.625000 1.000000
9.675000 1.000000
9.725000 1.000000
9.775000 1.000000
9.825000 1.000000
9.875000 1.000000
9.925000 1.000000
9.975000 1.000000
10.025000 1.000000
10.075000 1.000000
10.125000 1.000000
10.175000 1.000000
10.225000 1.000000
10.275000 1.000000
10.325000 1.000000
10.375000 1.000000
10.425000 1.000000
10.475000 1.000000
10.525000 1.000000
10.575000 1.000000
10.625000 1.000000
10.675000 1.000000
10.725000 1.000000
10.775000 1.000000
10.825000 1.000000
10.875000 1.000000
10.925000 1.000000
10.975000 1.000000
11.025000 1.000000
11.075000 1.000000
11.125000 1.000000
11.175000 1.000000
11.225000 1.000000
11.275000 1.000000
11.325000 1.000000
11.375000 1.000000
11.425000 1.000000
11.475000 1.000000
11.525000 1.000000
11.575000 1.000000
11.625000 1.000000
11.675000 1.000000
11.725000 1.000000
11.775000 1.000000
11.825000 1.000000
11.875000 1.000000
11.925000 1.000000
11.975000 1.000000
12.025000 1.000000
12.075000 1.000000
12.125000 1.000000
12.175000 1.000000
12.225000 1.000000
12.275000 1.000000
12.325000 1.000000
12.375000 1.000000
12.425000 1.000000
12.475000 1.000000
12.525000 1.000000
12.575000 1.000000
12.625000 1.000000
12.675000 1.000000
12.725000 1.000000
12.775000 1.000000
12.825000 1.000000
12.875000 1.000000
12.925000 1.000000
12.975000 1.000000
13.025000 1.000000
13.075000 1.000000
13.125000 1.000000
13.175000 1.000000
13.225000 1.000000
13.275000 1.000000
13.325000 1.000000
13.375000 1.000000
13.425000 1.000000
13.475000 1.000000
13.525000 1.000000
13.575000 1.000000
13.625000 1.000000
13.675000 1.000000
13.725000 1.000000
13.775000 1.000000
13.825000 1.000000
13.875000 1.000000
13.925000 1.000000
13.975000 1.000000
14.025000 1.000000
14.075000 1.000000
14.125000 1.000000
14.175000 1.000000
14.225000 1.000000
14.275000 1.000000
14.325000 1.000000
14.375000 1.000000
14.425000 1.000000
14.475000 1.000000
14.525000 1.000000
14.575000 1.000000
14.625000 1.000000
14.675000 1.000000
14.725000 1.000000
14.775000 1.000000
14.825000 1.000000
14.875000 1.000000
14.925000 1.000000
14.975000 1.000000
15.025000 1.000000
15.075000 1.000000
15.125000 1.000000
15.175000 1.000000
15.225000 1.000000
15.275000 1.000000
15.325000 1.000000
15.375000 1.000000
15.425000 1.000000
15.475000 1.000000
15.525000 1.000000
15.575000 1.000000
15.625000 1.000000
15.675000 1.000000
15.725000 1.000000
15.775000 1.000000
15.825000 1.000000
15.875000 1.000000
15.925000 1.000000
15.975000 1.000000
16.025000 1.000000
16.075000 1.000000
16.125000 1.000000
16.175000 1.000000
16.225000 1.000000
16.275000 1.000000
16.325000 1.000000
16.375000 1.000000
16.425000 1.000000
16.475000 1.000000
16.525000 1.000000
16.575000 1.000000
16.625000 1.000000
16.675000 1.000000
16.725000 1.000000
16.775000 1.000000
16.825000 1.000000
16.875000 1.000000
16.925000 1.000000
16.975000 1.000000
17.025000 1.000000
17.075000 1.000000
17.125000 1.000000
17.175000 1.000000
17.225000 1.000000
17.275000 1.000000
17.325000 1.000000
17.375000 1.000000
17.425000 1.000000
17.475000 1.000000
17.525000 1.000000
17.575000 1.000000
17.625000 1.000000
17.675000 1.000000
17.725000 1.000000
17.775000 1.000000
17.825000 1.000000
17.875000 1.000000
17.925000 1.000000
17.975000 1.000000
18.025000 1.000000
18.075000 1.000000
18.125000 1.000000
18.175000 1.000000
18.225000 1.000000
18.275000 1.000000
18.325000 1.000000
18.375000 1.000000
18.425000 1.000000
18.475000 1.000000
18.525000 1.000000
18.575000 1.000000
18.625000 1.000000
18.675000 1.000000
18.725000 1.000000
18.775000 1.000000
18.825000 1.000000
18.875000 1.000000
18.925000 1.000000
18.975000 1.000000
19.025000 1.000000
19.075000 1.000000
19.125000 1.000000
19.175000 1.000000
19.225000 1.000000
19.275000 1.000000
19.325000 1.000000
19.375000 1.000000
19.425000 1.000000
19.475000 1.000000
19.525000 1.000000
19.575000 1.000000
19.625000 1.000000
19.675000 1.000000
19.725000 1.000000
19.775000 1.000000
19.825000 1.000000
19.875000 1.000000
19.925000 1.000000
19.975000 1.000000
20.025000 1.000000
20.075000 1.000000
20.125000 1.000000
20.175000 1.000000
20.225000 1.000000
20.275000 1.000000
20.325000 1.000000
20.375000 1.000000
20.425000 1.000000
20.475000 1.000000
20.525000 1.000000
20.575000 1.000000
20.625000 1.000000
20.675000 1.000000
20.725000 1.000000
20.775000 1.000000
20.825000 1.000000
20.875000 1.000000
20.925000 1.000000
20.975000 1.000000
21.025000 1.000000
21.075000 1.000000
21.125000 1.000000
21.175000 1.000000
21.225000 1.000000
21.275000 1.000000
21.325000 1.000000
21.375000 1.000000
21.425000 1.000000
21.475000 1.000000
21.525000 1.000000
21.575000 1.000000
21.625000 1.000000
21.675000 1.000000
21.725000 1.000000
21.775000 1.000000
21.825000 1.000000
21.875000 1.000000
21.925000 1.000000
21.975000 1.000000
22.025000 1.000000
22.075000 1.000000
22.125000 1.000000
22.175000 1.000000
22.225000 1.000000
22.275000 1.000000
22.325000 1.000000
22.375000 1.000000
22.425000 1.000000
22.475000 1.000000
22.525000 1.000000
22.575000 1.000000
22.625000 1.000000
22.675000 1.000000
22.725000 1.000000
22.775000 1.000000
22.825000 1.000000
22.875000 1.000000
22.925000 1.000000
22.975000 1.000000
23.025000 1.000000
23.075000 1.000000
23.125000 1.000000
23.175000 1.000000
23.225000 1.000000
23.275000 1.000000
23.325000 1.000000
23.375000 1.000000
23.425000 1.000000
23.475000 1.000000
23.525000 1.000000
23.575000 1.000000
23.625000 1.000000
23.675000 1.000000
23.725000 1.000000
23.775000 1.000000
23.825000 1.000000
23.875000 1.000000
23.925000 1.000000
23.975000 1.000000
24.025000 1.000000
24.075000 1.000000
24.125000 1.000000
24.175000 1.000000
24.225000 1.000000
24.275000 1.000000
24.325000 1.000000
24.375000 1.000000
24.425000 1.000000
24.475000 1.000000
24.525000 1.000000
24.575000 1.000000
24.625000 1.000000
24.675000 1.000000
24.725000 1.000000
24.775000 1.000000
24.825000 1.000000
24.875000 1.000000
24.925000 1.000000
24.975000 1.000000
25.025000 1.000000
25.075000 1.000000
25.125000 1.000000
25.175000 1.000000
25.225000 1.000000
25.275000 1.000000
25.325000 1.000000
25.375000 1.000000
25.425000 1.000000
25.475000 1.000000
25.525000 1.000000
25.575000 1.000000
25.625000 1.000000
25.675000 1.000000
25.725000 1.000000
25.775000 1.000000
25.825000 1.000000
25.875000 1.000000
25.925000 1.000000
25.975000 1.000000
26.025000 1.000000
26.075000 1.000000
26.125000 1.000000
26.175000 1.000000
26.225000 1.000000
26.275000 1.000000
26.325000 1.000000
26.375000 1.000000
26.425000 1.000000
26.475000 1.000000
26.525000 1.000000
26.575000 1.000000
26.625000 1.000000
26.675000 1.000000
26.725000 1.000000
26.775000 1.000000
26.825000 1.000000
26.875000 1.000000
26.925000 1.000000
26.975000 1.000000
27.025000 1.000000
27.075000 1.000000
27.125000 1.000000
27.175000 1.000000
27.225000 1.000000
27.275000 1.000000
27.325000 1.000000
27.375000 1.000000
27.425000 1.000000
27.475000 1.000000
27.525000 1.000000
27.575000 1.000000
27.625000 1.000000
27.675000 1.000000
27.725000 1.000000
27.775000 1.000000
27.825000 1.000000
27.875000 1.000000
27.925000 1.000000
27.975000 1.000000
28.025000 1.000000
28.075000 1.000000
28.125000 1.000000
28.175000 1.000000
28.225000 1.000000
28.275000 1.000000
28.325000 1.000000
28.375000 1.000000
28.425000 1.000000
28.475000 1.000000
28.525000 1.000000
28.575000 1.000000
28.625000 1.000000
28.675000 1.000000
28.725000 1.000000
28.775000 1.000000
28.825000 1.000000
28.875000 1.000000
28.925000 1.000000
28.975000 1.000000
29.025000 1.000000
29.075000 1.000000
29.125000 1.000000
29.175000 1.000000
29.225000 1.000000
29.275000 1.000000
29.325000 1.000000
29.375000 1.000000
29.425000 1.000000
29.475000 1.000000
29.525000 1.000000
29.575000 1.000000
29.625000 1.000000
29.675000 1.000000
29.725000 1.000000
29.775000 1.000000
29.825000 1.000000
29.875000 1.000000
29.925000 1.000000
29.975000 1.000000
30.025000 1.000000
30.075000 1.000000
30.125000 1.000000
30.175000 1.000000
30.225000 1.000000
30.275000 1.000000
30.325000 1.000000
30.375000 1.000000
30.425000 1.000000
30.475000 1.000000
30.525000 1.000000
30.575000 1.000000
30.625000 1.000000
30.675000 1.000000
30.725000 1.000000
30.775000 1.000000
30.825000 1.000000
30.875000 1.000000
30.925000 1.000000
30.975000 1.000000
31.025000 1.000000
31.075000 1.000000
31.125000 1.000000
31.175000 1.000000
31.225000 1.000000
31.275000 1.000000
31.325000 1.000000
31.375000 1.000000
31.425000 1.000000
31.475000 1.000000
31.525000 1.000000
31.575000 1.000000
31.625000 1.000000
31.675000 1.000000
31.725000 1.000000
31.775000 1.000000
31.825000 1.000000
31.875000 1.000000
31.925000 1.000000
31.975000 1.000000
32.025000 1.000000
32.075000 1.000000
32.125000 1.000000
32.175000 1.000000
32.225000 1.000000
32.275000 1.000000
32.325000 1.000000
32.375000 1.000000
32.425000 1.000000
32.475000 1.000000
32.525000 1.000000
32.575000 1.000000
32.625000 1.000000
32.675000 1.000000
32.725000 1.000000
32.775000 1.000000
32.825000 1.000000
32.875000 1.000000
32.925000 1.000000
32.975000 1.000000
33.025000 1.000000
33.075000 1.000000
33.125000 1.000000
33.175000 1.000000
33.225000 1.000000
33.275000 1.000000
33.325000 1.000000
33.375000 1.000000
33.425000 1.000000
33.475000 1.000000
33.525000 1.000000
33.575000 1.000000
33.625000 1.000000
33.675000 1.000000
33.725000 1.000000
33.775000 1.000000
33.825000 1.000000
33.875000 1.000000
33.925000 1.000000
33.975000 1.000000
34.025000 1.000000
34.075000 1.000000
34.125000 1.000000
34.175000 1.000000
34.225000 1.000000
34.275000 1.000000
34.325000 1.000000
34.375000 1.000000
34.425000 1.000000
34.475000 1.000000
34.525000 1.000000
34.575000 1.000000
34.625000 1.000000
34.675000 1.000000
34.725000 1.000000
34.775000 1.000000
34.825000 1.000000
34.875000 1.000000
34.925000 1.000000
34.975000 1.000000
35.025000 1.000000
35.075000 1.000000
35.125000 1.000000
35.175000 1.000000
35.225000 1.000000
35.275000 1.000000
35.325000 1.000000
35.375000 1.000000
35.425000 1.000000
35.475000 1.000000
35.525000 1.000000
35.575000 1.000000
35.625000 1.000000
35.675000 1.000000
35.725000 1.000000
35.775000 1.000000
35.825000 1.000000
35.875000 1.000000
35.925000 1.000000
35.975000 1.000000
36.025000 1.000000
36.075000 1.000000
36.125000 1.000000
36.175000 1.000000
36.225000 1.000000
36.275000 1.000000
36.325000 1.000000
36.375000 1.000000
36.425000 1.000000
36.475000 1.000000
36.525000 1.000000
36.575000 1.000000
36.625000 1.000000
36.675000 1.000000
36.725000 1.000000
36.775000 1.000000
36.825000 1.000000
36.875000 1.000000
36.925000 1.000000
36.975000 1.000000
37.025000 1.000000
37.075000 1.000000
37.125000 1.000000
37.175000 1.000000
37.225000 1.000000
37.275000 1.000000
37.325000 1.000000
37.375000 1.000000
37.425000 1.000000
37.475000 1.000000
37.525000 1.000000
37.575000 1.000000
37.625000 1.000000
37.675000 1.000000
37.725000 1.000000
37.775000 1.000000
37.825000 1.000000
37.875000 1.000000
37.925000 1.000000
37.975000 1.000000
38.025000 1.000000
38.075000 1.000000
38.125000 1.000000
38.175000 1.000000
38.225000 1.000000
38.275000 1.000000
38.325000 1.000000
38.375000 1.000000
38.425000 1.000000
38.475000 1.000000
38.525000 1.000000
38.575000 1.000000
38.625000 1.000000
38.675000 1.000000
38.725000 1.000000
38.775000 1.000000
38.825000 1.000000
38.875000 1.000000
38.925000 1.000000
38.975000 1.000000
39.025000 1.000000
39.075000 1.000000
39.125000 1.000000
39.175000 1.000000
39.225000 1.000000
39.275000 1.000000
39.325000 1.000000
39.375000 1.000000
39.425000 1.000000
39.475000 1.000000
39.525000 1.000000
39.575000 1.000000
39.625000 1.000000
39.675000 1.000000
39.725000 1.000000
39.775000 1.000000
39.825000 1.000000
39.875000 1.000000
39.925000 1.000000
39.975000 1.000000
40.025000 1.000000
40.075000 1.000000
40.125000 1.000000
40.175000 1.000000
40.225000 1.000000
40.275000 1.000000
40.325000 1.000000
40.375000 1.000000
40.425000 1.000000
40.475000 1.000000
40.525000 1.000000
40.575000 1.000000
40.625000 1.000000
40.675000 1.000000
40.725000 1.000000
40.775000 1.000000
40.825000 1.000000
40.875000 1.000000
40.925000 1.000000
40.975000 1.000000
41.025000 1.000000
41.075000 1.000000
41.125000 1.000000
41.175000 1.000000
41.225000 1.000000
41.275000 1.000000
41.325000 1.000000
41.375000 1.000000
41.425000 1.000000
41.475000 1.000000
41.525000 1.000000
41.575000 1.000000
41.625000 1.000000
41.675000 1.000000
41.725000 1.000000
41.775000 1.000000
41.825000 1.000000
41.875000 1.000000
41.925000 1.000000
41.975000 1.000000
42.025000 1.000000
42.075000 1.000000
42.125000 1.000000
42.175000 1.000000
42.225000 1.000000
42.275000 1.000000
42.325000 1.000000
42.375000 1.000000
42.425000 1.000000
42.475000 1.000000
42.525000 1.000000
42.575000 1.000000
42.625000 1.000000
42.675000 1.000000
42.725000 1.000000
42.775000 1.000000
42.825000 1.000000
42.875000 1.000000
42.925000 1.000000
42.975000 1.000000
43.025000 1.000000
43.075000 1.000000
43.125000 1.000000
43.175000 1.000000
43.225000 1.000000
43.275000 1.000000
43.325000 1.000000
43.375000 1.000000
43.425000 1.000000
43.475000 1.000000
43.525000 1.000000
43.575000 1.000000
43.625000 1.000000
43.675000 1.000000
43.725000 1.000000
43.775000 1.000000
43.825000 1.000000
43.875000 1.000000
43.925000 1.000000
43.975000 1.000000
44.025000 1.000000
44.075000 1.000000
44.125000 1.000000
44.175000 1.000000
44.225000 1.000000
44.275000 1.000000
44.325000 1.000000
44.375000 1.000000
44.425000 1.000000
44.475000 1.000000
44.525000 1.000000
44.575000 1.000000
44.625000 1.000000
44.675000 1.000000
44.725000 1.000000
44.775000 1.000000
44.825000 1.000000
44.875000 1.000000
44.925000 1.000000
44.975000 1.000000
45.025000 1.000000
45.075000 1.000000
45.125000 1.000000
45.175000 1.000000
45.225000 1.000000
45.275000 1.000000
45.325000 1.000000
45.375000 1.000000
45.425000 1.000000
45.475000 1.000000
45.525000 1.000000
45.575000 1.000000
45.625000 1.000000
45.675000 1.000000
45.725000 1.000000
45.775000 1.000000
45.825000 1.000000
45.875000 1.000000
45.925000 1.000000
45.975000 1.000000
46.025000 1.000000
46.075000 1.000000
46.125000 1.000000
46.175000 1.000000
46.225000 1.000000
46.275000 1.000000
46.325000 1.000000
46.375000 1.000000
46.425000 1.000000
46.475000 1.000000
46.525000 1.000000
46.575000 1.000000
46.625000 1.000000
46.675000 1.000000
46.725000 1.000000
46.775000 1.000000
46.825000 1.000000
46.875000 1.000000
46.925000 1.000000
46.975000 1.000000
47.025000 1.000000
47.075000 1.000000
47.125000 1.000000
47.175000 1.000000
47.225000 1.000000
47.275000 1.000000
47.325000 1.000000
47.375000 1.000000
47.425000 1.000000
47.475000 1.000000
47.525000 1.000000
47.575000 1.000000
47.625000 1.000000
47.675000 1.000000
47.725000 1.000000
47.775000 1.000000
47.825000 1.000000
47.875000 1.000000
47.925000 1.000000
47.975000 1.000000
48.025000 1.000000
48.075000 1.000000
48.125000 1.000000
48.175000 1.000000
48.225000 1.000000
48.275000 1.000000
48.325000 1.000000
48.375000 1.000000
48.425000 1.000000
48.475000 1.000000
48.525000 1.000000
48.575000 1.000000
48.625000 1.000000
48.675000 1.000000
48.725000 1.000000
48.775000 1.000000
48.825000 1.000000
48.875000 1.000000
48.925000 1.000000
48.975000 1.000000
49.025000 1.000000
49.075000 1.000000
49.125000 1.000000
49.175000 1.000000
49.225000 1.000000
49.275000 1.000000
49.325000 1.000000
49.375000 1.000000
49.425000 1.000000
49.475000 1.000000
49.525000 1.000000
49.575000 1.000000
49.625000 1.000000
49.675000 1.000000
49.725000 1.000000
49.775000 1.000000
49.825000 1.000000
49.875000 1.000000
49.925000 1.000000
49.975000 1.000000
50.025000 1.000000
50.075000 1.000000
50.125000 1.000000
50.175000 1.000000
50.225000 1.000000
50.275000 1.000000
50.325000 1.000000
50.375000 1.000000
50.425000 1.000000
50.475000 1.000000
50.525000 1.000000
50.575000 1.000000
50.625000 1.000000
50.675000 1.000000
50.725000 1.000000
50.775000 1.000000
50.825000 1.000000
50.875000 1.000000
50.925000 1.000000
50.975000 1.000000
51.025000 1.000000
51.075000 1.000000
51.125000 1.000000
51.175000 1.000000
51.225000 1.000000
51.275000 1.000000
51.325000 1.000000
51.375000 1.000000
51.425000 1.000000
51.475000 1.000000
51.525000 1.000000
51.575000 1.000000
51.625000 1.000000
51.675000 1.000000
51.725000 1.000000
51.775000 1.000000
51.825000 1.000000
51.875000 1.000000
51.925000 1.000000
51.975000 1.000000
52.025000 1.000000
52.075000 1.000000
52.125000 1.000000
52.175000 1.000000
52.225000 1.000000
52.275000 1.000000
52.325000 1.000000
52.375000 1.000000
52.425000 1.000000
52.475000 1.000000
52.525000 1.000000
52.575000 1.000000
52.625000 1.000000
52.675000 1.000000
52.725000 1.000000
52.775000 1.000000
52.825000 1.000000
52.875000 1.000000
52.925000 1.000000
52.975000 1.000000
53.025000 1.000000
53.075000 1.000000
53.125000 1.000000
53.175000 1.000000
53.225000 1.000000
53.275000 1.000000
53.325000 1.000000
53.375000 1.000000
53.425000 1.000000
53.475000 1.000000
53.525000 1.000000
53.575000 1.000000
53.625000 1.000000
53.675000 1.000000
53.725000 1.000000
53.775000 1.000000
53.825000 1.000000
53.875000 1.000000
53.925000 1.000000
53.975000 1.000000
54.025000 1.000000
54.075000 1.000000
54.125000 1.000000
54.175000 1.000000
54.225000 1.000000
54.275000 1.000000
54.325000 1.000000
54.375000 1.000000
54.425000 1.000000
54.475000 1.000000
54.525000 1.000000
54.575000 1.000000
54.625000 1.000000
54.675000 1.000000
54.725000 1.000000
54.775000 1.000000
54.825000 1.000000
54.875000 1.000000
54.925000 1.000000
54.975000 1.000000
55.025000 1.000000
55.075000 1.000000
55.125000 1.000000
55.175000 1.000000
55.225000 1.000000
55.275000 1.000000
55.325000 1.000000
55.375000 1.000000
55.425000 1.000000
55.475000 1.000000
55.525000 1.000000
55.575000 1.000000
55.625000 1.000000
55.675000 1.000000
55.725000 1.000000
55.775000 1.000000
55.825000 1.000000
55.875000 1.000000
55.925000 1.000000
55.975000 1.000000
56.025000 1.000000
56.075000 1.000000
56.125000 1.000000
56.175000 1.000000
56.225000 1.000000
56.275000 1.000000
56.325000 1.000000
56.375000 1.000000
56.425000 1.000000
56.475000 1.000000
56.525000 1.000000
56.575000 1.000000
56.625000 1.000000
56.675000 1.000000
56.725000 1.000000
56.775000 1.000000
56.825000 1.000000
56.875000 1.000000
56.925000 1.000000
56.975000 1.000000
57.025000 1.000000
57.075000 1.000000
57.125000 1.000000
57.175000 1.000000
57.225000 1.000000
57.275000 1.000000
57.325000 1.000000
57.375000 1.000000
57.425000 1.000000
57.475000 1.000000
57.525000 1.000000
57.575000 1.000000
57.625000 1.000000
57.675000 1.000000
57.725000 1.000000
57.775000 1.000000
57.825000 1.000000
57.875000 1.000000
57.925000 1.000000
57.975000 1.000000
58.025000 1.000000
58.075000 1.000000
58.125000 1.000000
58.175000 1.000000
58.225000 1.000000
58.275000 1.000000
58.325000 1.000000
58.375000 1.000000
58.425000 1.000000
58.475000 1.000000
58.525000 1.000000
58.575000 1.000000
58.625000 1.000000
58.675000 1.000000
58.725000 1.000000
58.775000 1.000000
58.825000 1.000000
58.875000 1.000000
58.925000 1.000000
58.975000 1.000000
59.025000 1.000000
59.075000 1.000000
59.125000 1.000000
59.175000 1.000000
59.225000 1.000000
59.275000 1.000000
59.325000 1.000000
59.375000 1.000000
59.425000 1.000000
59.475000 1.000000
59.525000 1.000000
59.575000 1.000000
59.625000 1.000000
59.675000 1.000000
59.725000 1.000000
59.775000 1.000000
59.825000 1.000000
59.875000 1.000000
59.925000 1.000000
59.975000 1.000000
60.025000 1.000000
60.075000 1.000000
60.125000 1.000000
60.175000 1.000000
60.225000 1.000000
60.275000 1.000000
60.325000 1.000000
60.375000 1.000000
60.425000 1.000000
60.475000 1.000000
60.525000 1.000000
60.575000 1.000000
60.625000 1.000000
60.675000 1.000000
60.725000 1.000000
60.775000 1.000000
60.825000 1.000000
60.875000 1.000000
60.925000 1.000000
60.975000 1.000000
61.025000 1.000000
61.075000 1.000000
61.125000 1.000000
61.175000 1.000000
61.225000 1.000000
61.275000 1.000000
61.325000 1.000000
61.375000 1.000000
61.425000 1.000000
61.475000 1.000000
61.525000 1.000000
61.575000 1.000000
61.625000 1.000000
61.675000 1.000000
61.725000 1.000000
61.775000 1.000000
61.825000 1.000000
61.875000 1.000000
61.925000 1.000000
61.975000 1.000000
62.025000 1.000000
62.075000 1.000000
62.125000 1.000000
62.175000 1.000000
62.225000 1.000000
62.275000 1.000000
62.325000 1.000000
62.375000 1.000000
62.425000 1.000000
62.475000 1.000000
62.525000 1.000000
62.575000 1.000000
62.625000 1.000000
62.675000 1.000000
62.725000 1.000000
62.775000 1.000000
62.825000 1.000000
62.875000 1.000000
62.925000 1.000000
62.975000 1.000000
63.025000 1.000000
63.075000 1.000000
63.125000 1.000000
63.175000 1.000000
63.225000 1.000000
63.275000 1.000000
63.325000 1.000000
63.375000 1.000000
63.425000 1.000000
63.475000 1.000000
63.525000 1.000000
63.575000 1.000000
63.625000 1.000000
63.675000 1.000000
63.725000 1.000000
63.775000 1.000000
63.825000 1.000000
63.875000 1.000000
63.925000 1.000000
63.975000 1.000000
64.025000 1.000000
64.075000 1.000000
64.125000 1.000000
64.175000 1.000000
64.225000 1.000000
64.275000 1.000000
64.325000 1.000000
64.375000 1.000000
64.425000 1.000000
64.475000 1.000000
64.525000 1.000000
64.575000 1.000000
64.625000 1.000000
64.675000 1.000000
64.725000 1.000000
64.775000 1.000000
64.825000 1.000000
64.875000 1.000000
64.925000 1.000000
64.975000 1.000000
65.025000 1.000000
65.075000 1.000000
65.125000 1.000000
65.175000 1.000000
65.225000 1.000000
65.275000 1.000000
65.325000 1.000000
65.375000 1.000000
65.425000 1.000000
65.475000 1.000000
65.525000 1.000000
65.575000 1.000000
65.625000 1.000000
65.675000 1.000000
65.725000 1.000000
65.775000 1.000000
65.825000 1.000000
65.875000 1.000000
65.925000 1.000000
65.975000 1.000000
66.025000 1.000000
66.075000 1.000000
66.125000 1.000000
66.175000 1.000000
66.225000 1.000000
66.275000 1.000000
66.325000 1.000000
66.375000 1.000000
66.425000 1.000000
66.475000 1.000000
66.525000 1.000000
66.575000 1.000000
66.625000 1.000000
66.675000 1.000000
66.725000 1.000000
66.775000 1.000000
66.825000 1.000000
66.875000 1.000000
66.925000 1.000000
66.975000 1.000000
67.025000 1.000000
67.075000 1.000000
67.125000 1.000000
67.175000 1.000000
67.225000 1.000000
67.275000 1.000000
67.325000 1.000000
67.375000 1.000000
67.425000 1.000000
67.475000 1.000000
67.525000 1.000000
67.575000 1.000000
67.625000 1.000000
67.675000 1.000000
67.725000 1.000000
67.775000 1.000000
67.825000 1.000000
67.875000 1.000000
67.925000 1.000000
67.975000 1.000000
68.025000 1.000000
68.075000 1.000000
68.125000 1.000000
68.175000 1.000000
68.225000 1.000000
68.275000 1.000000
68.325000 1.000000
68.375000 1.000000
68.425000 1.000000
68.475000 1.000000
68.525000 1.000000
68.575000 1.000000
68.625000 1.000000
68.675000 1.000000
68.725000 1.000000
68.775000 1.000000
68.825000 1.000000
68.875000 1.000000
68.925000 1.000000
68.975000 1.000000
69.025000 1.000000
69.075000 1.000000
69.125000 1.000000
69.175000 1.000000
69.225000 1.000000
69.275000 1.000000
69.325000 1.000000
69.375000 1.000000
69.425000 1.000000
69.475000 1.000000
69.525000 1.000000
69.575000 1.000000
69.625000 1.000000
69.675000 1.000000
69.725000 1.000000
69.775000 1.000000
69.825000 1.000000
69.875000 1.000000
69.925000 1.000000
69.975000 1.000000
70.025000 1.000000
70.075000 1.000000
70.125000 1.000000
70.175000 1.000000
70.225000 1.000000
70.275000 1.000000
70.325000 1.000000
70.375000 1.000000
70.425000 1.000000
70.475000 1.000000
70.525000 1.000000
70.575000 1.000000
70.625000 1.000000
70.675000 1.000000
70.725000 1.000000
70.775000 1.000000
70.825000 1.000000
70.875000 1.000000
70.925000 1.000000
70.975000 1.000000
71.025000 1.000000
71.075000 1.000000
71.125000 1.000000
71.175000 1.000000
71.225000 1.000000
71.275000 1.000000
71.325000 1.000000
71.375000 1.000000
71.425000 1.000000
71.475000 1.000000
71.525000 1.000000
71.575000 1.000000
71.625000 1.000000
71.675000 1.000000
71.725000 1.000000
71.775000 1.000000
71.825000 1.000000
71.875000 1.000000
71.925000 1.000000
71.975000 1.000000
72.025000 1.000000
72.075000 1.000000
72.125000 1.000000
72.175000 1.000000
72.225000 1.000000
72.275000 1.000000
72.325000 1.000000
72.375000 1.000000
72.425000 1.000000
72.475000 1.000000
72.525000 1.000000
72.575000 1.000000
72.625000 1.000000
72.675000 1.000000
72.725000 1.000000
72.775000 1.000000
72.825000 1.000000
72.875000 1.000000
72.925000 1.000000
72.975000 1.000000
73.025000 1.000000
73.075000 1.000000
73.125000 1.000000
73.175000 1.000000
73.225000 1.000000
73.275000 1.000000
73.325000 1.000000
73.375000 1.000000
73.425000 1.000000
73.475000 1.000000
73.525000 1.000000
73.575000 1.000000
73.625000 1.000000
73.675000 1.000000
73.725000 1.000000
73.775000 1.000000
73.825000 1.000000
73.875000 1.000000
73.925000 1.000000
73.975000 1.000000
74.025000 1.000000
74.075000 1.000000
74.125000 1.000000
74.175000 1.000000
74.225000 1.000000
74.275000 1.000000
74.325000 1.000000
74.375000 1.000000
74.425000 1.000000
74.475000 1.000000
74.525000 1.000000
74.575000 1.000000
74.625000 1.000000
74.675000 1.000000
74.725000 1.000000
74.775000 1.000000
74.825000 1.000000
74.875000 1.000000
74.925000 1.000000
74.975000 1.000000
75.025000 1.000000
75.075000 1.000000
75.125000 1.000000
75.175000 1.000000
75.225000 1.000000
75.275000 1.000000
75.325000 1.000000
75.375000 1.000000
75.425000 1.000000
75.475000 1.000000
75.525000 1.000000
75.575000 1.000000
75.625000 1.000000
75.675000 1.000000
75.725000 1.000000
75.775000 1.000000
75.825000 1.000000
75.875000 1.000000
75.925000 1.000000
75.975000 1.000000
76.025000 1.000000
76.075000 1.000000
76.125000 1.000000
76.175000 1.000000
76.225000 1.000000
76.275000 1.000000
76.325000 1.000000
76.375000 1.000000
76.425000 1.000000
76.475000 1.000000
76.525000 1.000000
76.575000 1.000000
76.625000 1.000000
76.675000 1.000000
76.725000 1.000000
76.775000 1.000000
76.825000 1.000000
76.875000 1.000000
76.925000 1.000000
76.975000 1.000000
77.025000 1.000000
77.075000 1.000000
77.125000 1.000000
77.175000 1.000000
77.225000 1.000000
77.275000 1.000000
77.325000 1.000000
77.375000 1.000000
77.425000 1.000000
77.475000 1.000000
77.525000 1.000000
77.575000 1.000000
77.625000 1.000000
77.675000 1.000000
77.725000 1.000000
77.775000 1.000000
77.825000 1.000000
77.875000 1.000000
77.925000 1.000000
77.975000 1.000000
78.025000 1.000000
78.075000 1.000000
78.125000 1.000000
78.175000 0.999999
78.225000 0.999999
78.275000 0.999999
78.325000 0.999999
78.375000 0.999999
78.425000 0.999999
78.475000 0.999999
78.525000 0.999999
78.575000 0.999999
78.625000 0.999999
78.675000 0.999999
78.725000 0.999999
78.775000 0.999999
78.825000 0.999999
78.875000 0.999999
78.925000 0.999999
78.975000 0.999999
79.025000 0.999999
79.075000 0.999999
79.125000 0.999999
79.175000 0.999999
79.225000 0.999999
79.275000 0.999999
79.325000 0.999999
79.375000 0.999999
79.425000 0.999999
79.475000 0.999999
79.525000 0.999999
79.575000 0.999999
79.625000 0.999999
79.675000 0.999999
79.725000 0.999999
79.775000 0.999999
79.825000 0.999999
79.875000 0.999999
79.925000 0.999999
79.975000 0.999999
80.025000 0.999999
80.075000 0.999999
80.125000 0.999999
80.175000 0.999999
80.225000 0.999999
80.275000 0.999999
80.325000 0.999999
80.375000 0.999999
80.425000 0.999999
80.475000 0.999999
80.525000 0.999999
80.575000 0.999999
80.625000 0.999999
80.675000 0.999999
80.725000 0.999999
80.775000 0.999999
80.825000 0.999999
80.875000 0.999999
80.925000 0.999999
80.975000 0.999999
81.025000 0.999999
81.075000 0.999999
81.125000 0.999999
81.175000 0.999999
81.225000 0.999999
81.275000 0.999998
81.325000 0.999998
81.375000 0.999998
81.425000 0.999998
81.475000 0.999998
81.525000 0.999998
81.575000 0.999998
81.625000 0.999998
81.675000 0.999998
81.725000 0.999998
81.775000 0.999998
81.825000 0.999998
81.875000 0.999998
81.925000 0.999998
81.975000 0.999998
82.025000 0.999998
82.075000 0.999998
82.125000 0.999998
82.175000 0.999998
82.225000 0.999998
82.275000 0.999998
82.325000 0.999998
82.375000 0.999998
82.425000 0.999998
82.475000 0.999998
82.525000 0.999998
82.575000 0.999998
82.625000 0.999998
82.675000 0.999998
82.725000 0.999997
82.775000 0.999997
82.825000 0.999997
82.875000 0.999997
82.925000 0.999997
82.975000 0.999997
83.025000 0.999997
83.075000 0.999997
83.125000 0.999997
83.175000 0.999997
83.225000 0.999997
83.275000 0.999997
83.325000 0.999997
83.375000 0.999997
83.425000 0.999997
83.475000 0.999997
83.525000 0.999997
83.575000 0.999997
83.625000 0.999997
83.675000 0.999997
83.725000 0.999996
83.775000 0.999996
83.825000 0.999996
83.875000 0.999996
83.925000 0.999996
83.975000 0.999996
84.025000 0.999996
84.075000 0.999996
84.125000 0.999996
84.175000 0.999996
84.225000 0.999996
84.275000 0.999996
84.325000 0.999996
84.375000 0.999996
84.425000 0.999995
84.475000 0.999995
84.525000 0.999995
84.575000 0.999995
84.625000 0.999995
84.675000 0.999995
84.725000 0.999995
84.775000 0.999995
84.825000 0.999995
84.875000 0.999995
84.925000 0.999995
84.975000 0.999994
85.025000 0.999994
85.075000 0.999994
85.125000 0.999994
85.175000 0.999994
85.225000 0.999994
85.275000 0.999994
85.325000 0.999994
85.375000 0.999994
85.425000 0.999994
85.475000 0.999993
85.525000 0.999993
85.575000 0.999993
85.625000 0.999993
85.675000 0.999993
85.725000 0.999993
85.775000 0.999993
85.825000 0.999993
85.875000 0.999992
85.925000 0.999992
85.975000 0.999992
86.025000 0.999992
86.075000 0.999992
86.125000 0.999992
86.175000 0.999992
86.225000 0.999991
86.275000 0.999991
86.325000 0.999991
86.375000 0.999991
86.425000 0.999991
86.475000 0.999991
86.525000 0.999990
86.575000 0.999990
86.625000 0.999990
86.675000 0.999990
86.725000 0.999990
86.775000 0.999990
86.825000 0.999989
86.875000 0.999989
86.925000 0.999989
86.975000 0.999989
87.025000 0.999989
87.075000 0.999988
87.125000 0.999988
87.175000 0.999988
87.225000 0.999988
87.275000 0.999988
87.325000 0.999987
87.375000 0.999987
87.425000 0.999987
87.475000 0.999987
87.525000 0.999986
87.575000 0.999986
87.625000 0.999986
87.675000 0.999986
87.725000 0.999986
87.775000 0.999985
87.825000 0.999985
87.875000 0.999985
87.925000 0.999984
87.975000 0.999984
88.025000 0.999984
88.075000 0.999984
88.125000 0.999983
88.175000 0.999983
88.225000 0.999983
88.275000 0.999982
88.325000 0.999982
88.375000 0.999982
88.425000 0.999981
88.475000 0.999981
88.525000 0.999981
88.575000 0.999980
88.625000 0.999980
88.675000 0.999980
88.725000 0.999979
88.775000 0.999979
88.825000 0.999979
88.875000 0.999978
88.925000 0.999978
88.975000 0.999978
89.025000 0.999977
89.075000 0.999977
89.125000 0.999976
89.175000 0.999976
89.225000 0.999975
89.275000 0.999975
89.325000 0.999975
89.375000 0.999974
89.425000 0.999974
89.475000 0.999973
89.525000 0.999973
89.575000 0.999972
89.625000 0.999972
89.675000 0.999971
89.725000 0.999971
89.775000 0.999970
89.825000 0.999970
89.875000 0.999969
89.925000 0.999969
89.975000 0.999968
90.025000 0.999968
90.075000 0.999967
90.125000 0.999966
90.175000 0.999966
90.225000 0.999965
90.275000 0.999965
90.325000 0.999964
90.375000 0.999963
90.425000 0.999963
90.475000 0.999962
90.525000 0.999961
90.575000 0.999961
90.625000 0.999960
90.675000 0.999959
90.725000 0.999958
90.775000 0.999958
90.825000 0.999957
90.875000 0.999956
90.925000 0.999955
90.975000 0.999955
91.025000 0.999954
91.075000 0.999953
91.125000 0.999952
91.175000 0.999951
91.225000 0.999950
91.275000 0.999950
91.325000 0.999949
91.375000 0.999948
91.425000 0.999947
91.475000 0.999946
91.525000 0.999945
91.575000 0.999944
91.625000 0.999943
91.675000 0.999942
91.725000 0.999941
91.775000 0.999940
91.825000 0.999939
91.875000 0.999938
91.925000 0.999937
91.975000 0.999936
92.025000 0.999934
92.075000 0.999933
92.125000 0.999932
92.175000 0.999931
92.225000 0.999930
92.275000 0.999928
92.325000 0.999927
92.375000 0.999926
92.425000 0.999925
92.475000 0.999923
92.525000 0.999922
92.575000 0.999920
92.625000 0.999919
92.675000 0.999918
92.725000 0.999916
92.775000 0.999915
92.825000 0.999913
92.875000 0.999912
92.925000 0.999910
92.975000 0.999908
93.025000 0.999907
93.075000 0.999905
93.125000 0.999904
93.175000 0.999902
93.225000 0.999900
93.275000 0.999898
93.325000 0.999897
93.375000 0.999895
93.425000 0.999893
93.475000 0.999891
93.525000 0.999889
93.575000 0.999887
93.625000 0.999885
93.675000 0.999883
93.725000 0.999881
93.775000 0.999879
93.825000 0.999877
93.875000 0.999874
93.925000 0.999872
93.975000 0.999870
94.025000 0.999868
94.075000 0.999865
94.125000 0.999863
94.175000 0.999861
94.225000 0.999858
94.275000 0.999856
94.325000 0.999853
94.375000 0.999850
94.425000 0.999848
94.475000 0.999845
94.525000 0.999842
94.575000 0.999840
94.625000 0.999837
94.675000 0.999834
94.725000 0.999831
94.775000 0.999828
94.825000 0.999825
94.875000 0.999822
94.925000 0.999819
94.975000 0.999815
95.025000 0.999812
95.075000 0.999809
95.125000 0.999805
95.175000 0.999802
95.225000 0.999798
95.275000 0.999795
95.325000 0.999791
95.375000 0.999788
95.425000 0.999784
95.475000 0.999780
95.525000 0.999776
95.575000 0.999772
95.625000 0.999768
95.675000 0.999764
95.725000 0.999760
95.775000 0.999755
95.825000 0.999751
95.875000 0.999747
95.925000 0.999742
95.975000 0.999738
96.025000 0.999733
96.075000 0.999728
96.125000 0.999724
96.175000 0.999719
96.225000 0.999714
96.275000 0.999709
96.325000 0.999703
96.375000 0.999698
96.425000 0.999693
96.475000 0.999687
96.525000 0.999682
96.575000 0.999676
96.625000 0.999670
96.675000 0.999665
96.725000 0.999659
96.775000 0.999653
96.825000 0.999647
96.875000 0.999640
96.925000 0.999634
96.975000 0.999627
97.025000 0.999621
97.075000 0.999614
97.125000 0.999607
97.175000 0.999600
97.225000 0.999593
97.275000 0.999586
97.325000 0.999579
97.375000 0.999571
97.425000 0.999564
97.475000 0.999556
97.525000 0.999548
97.575000 0.999540
97.625000 0.999532
97.675000 0.999524
97.725000 0.999515
97.775000 0.999507
97.825000 0.999498
97.875000 0.999489
97.925000 0.999480
97.975000 0.999471
98.025000 0.999461
98.075000 0.999452
98.125000 0.999442
98.175000 0.999432
98.225000 0.999422
98.275000 0.999412
98.325000 0.999402
98.375000 0.999391
98.425000 0.999380
98.475000 0.999369
98.525000 0.999358
98.575000 0.999347
98.625000 0.999335
98.675000 0.999323
98.725000 0.999311
98.775000 0.999299
98.825000 0.999287
98.875000 0.999274
98.925000 0.999261
98.975000 0.999248
99.025000 0.999235
99.075000 0.999221
99.125000 0.999208
99.175000 0.999194
99.225000 0.999179
99.275000 0.999165
99.325000 0.999150
99.375000 0.999135
99.425000 0.999120
99.475000 0.999104
99.525000 0.999088
99.575000 0.999072
99.625000 0.999056
99.675000 0.999039
99.725000 0.999022
99.775000 0.999005
99.825000 0.998987
99.875000 0.998969
99.925000 0.998951
99.975000 0.998932
100.025000 0.998914
100.075000 0.998894
100.125000 0.998875
100.175000 0.998855
100.225000 0.998835
100.275000 0.998814
100.325000 0.998793
100.375000 0.998772
100.425000 0.998750
100.475000 0.998728
100.525000 0.998705
100.575000 0.998682
100.625000 0.998659
100.675000 0.998635
100.725000 0.998611
100.775000 0.998587
100.825000 0.998562
100.875000 0.998536
100.925000 0.998510
100.975000 0.998484
101.025000 0.998457
101.075000 0.998430
101.125000 0.998402
101.175000 0.998374
101.225000 0.998345
101.275000 0.998316
101.325000 0.998286
101.375000 0.998256
101.425000 0.998225
101.475000 0.998194
101.525000 0.998162
101.575000 0.998129
101.625000 0.998096
101.675000 0.998062
101.725000 0.998028
101.775000 0.997993
101.825000 0.997958
101.875000 0.997922
101.925000 0.997885
101.975000 0.997847
102.025000 0.997809
102.075000 0.997771
102.125000 0.997731
102.175000 0.997691
102.225000 0.997650
102.275000 0.997609
102.325000 0.997567
102.375000 0.997524
102.425000 0.997480
102.475000 0.997435
102.525000 0.997390
102.575000 0.997344
102.625000 0.997297
102.675000 0.997249
102.725000 0.997201
102.775000 0.997151
102.825000 0.997101
102.875000 0.997050
102.925000 0.996997
102.975000 0.996944
103.025000 0.996890
103.075000 0.996835
103.125000 0.996780
103.175000 0.996723
103.225000 0.996665
103.275000 0.996606
103.325000 0.996546
103.375000 0.996485
103.425000 0.996423
103.475000 0.996360
103.525000 0.996296
103.575000 0.996230
103.625000 0.996164
103.675000 0.996096
103.725000 0.996027
103.775000 0.995957
103.825000 0.995885
103.875000 0.995813
103.925000 0.995739
103.975000 0.995664
104.025000 0.995587
104.075000 0.995509
104.125000 0.995430
104.175000 0.995349
104.225000 0.995267
104.275000 0.995184
104.325000 0.995099
104.375000 0.995013
104.425000 0.994925
104.475000 0.994835
104.525000 0.994744
104.575000 0.994651
104.625000 0.994557
104.675000 0.994461
104.725000 0.994363
104.775000 0.994264
104.825000 0.994163
104.875000 0.994060
104.925000 0.993955
104.975000 0.993849
105.025000 0.993741
105.075000 0.993630
105.125000 0.993518
105.175000 0.993404
105.225000 0.993288
105.275000 0.993170
105.325000 0.993049
105.375000 0.992927
105.425000 0.992802
105.475000 0.992676
105.525000 0.992547
105.575000 0.992416
105.625000 0.992282
105.675000 0.992146
105.725000 0.992008
105.775000 0.991867
105.825000 0.991724
105.875000 0.991579
105.925000 0.991431
105.975000 0.991280
106.025000 0.991127
106.075000 0.990971
106.125000 0.990812
106.175000 0.990651
106.225000 0.990486
106.275000 0.990319
106.325000 0.990149
106.375000 0.989976
106.425000 0.989800
106.475000 0.989621
106.525000 0.989439
106.575000 0.989253
106.625000 0.989065
106.675000 0.988873
106.725000 0.988677
106.775000 0.988479
106.825000 0.988277
106.875000 0.988071
106.925000 0.987862
106.975000 0.987649
107.025000 0.987433
107.075000 0.987212
107.125000 0.986988
107.175000 0.986760
107.225000 0.986528
107.275000 0.986292
107.325000 0.986052
107.375000 0.985808
107.425000 0.985560
107.475000 0.985307
107.525000 0.985050
107.575000 0.984789
107.625000 0.984523
107.675000 0.984252
107.725000 0.983977
107.775000 0.983697
107.825000 0.983412
107.875000 0.983122
107.925000 0.982827
107.975000 0.982527
108.025000 0.982222
108.075000 0.981912
108.125000 0.981597
108.175000 0.981276
108.225000 0.980949
108.275000 0.980617
108.325000 0.980279
108.375000 0.979936
108.425000 0.979586
108.475000 0.979231
108.525000 0.978869
108.575000 0.978502
108.625000 0.978128
108.675000 0.977747
108.725000 0.977360
108.775000 0.976967
108.825000 0.976567
108.875000 0.976160
108.925000 0.975746
108.975000 0.975325
109.025000 0.974897
109.075000 0.974461
109.125000 0.974018
109.175000 0.973568
109.225000 0.973110
109.275000 0.972645
109.325000 0.972171
109.375000 0.971689
109.425000 0.971200
109.475000 0.970702
109.525000 0.970195
109.575000 0.969681
109.625000 0.969157
109.675000 0.968625
109.725000 0.968083
109.775000 0.967533
109.825000 0.966973
109.875000 0.966404
109.925000 0.965826
109.975000 0.965238
110.025000 0.964640
110.075000 0.964032
110.125000 0.963413
110.175000 0.962785
110.225000 0.962146
110.275000 0.961497
110.325000 0.960836
110.375000 0.960165
110.425000 0.959483
110.475000 0.958789
110.525000 0.958084
110.575000 0.957367
110.625000 0.956639
110.675000 0.955898
110.725000 0.955146
110.775000 0.954381
110.825000 0.953603
110.875000 0.952813
110.925000 0.952010
110.975000 0.951193
111.025000 0.950364
111.075000 0.949521
111.125000 0.948664
111.175000 0.947793
111.225000 0.946908
111.275000 0.946009
111.325000 0.945096
111.375000 0.944167
111.425000 0.943224
111.475000 0.942266
111.525000 0.941292
111.575000 0.940303
111.625000 0.939297
111.675000 0.938276
111.725000 0.937239
111.775000 0.936185
111.825000 0.935114
111.875000 0.934027
111.925000 0.932922
111.975000 0.931800
112.025000 0.930660
112.075000 0.929502
112.125000 0.928326
112.175000 0.927132
112.225000 0.925919
112.275000 0.924688
112.325000 0.923437
112.375000 0.922167
112.425000 0.920877
112.475000 0.919567
112.525000 0.918238
112.575000 0.916888
112.625000 0.915517
112.675000 0.914125
112.725000 0.912712
112.775000 0.911278
112.825000 0.909822
112.875000 0.908344
112.925000 0.906844
112.975000 0.905322
113.025000 0.903777
113.075000 0.902208
113.125000 0.900617
113.175000 0.899002
113.225000 0.897363
113.275000 0.895700
113.325000 0.894012
113.375000 0.892300
113.425000 0.890564
113.475000 0.888801
113.525000 0.887014
113.575000 0.885201
113.625000 0.883361
113.675000 0.881496
113.725000 0.879604
113.775000 0.877685
113.825000 0.875739
113.875000 0.873766
113.925000 0.871765
113.975000 0.869736
114.025000 0.867679
114.075000 0.865594
114.125000 0.863480
114.175000 0.861337
114.225000 0.859165
114.275000 0.856964
114.325000 0.854732
114.375000 0.852471
114.425000 0.850180
114.475000 0.847859
114.525000 0.845506
114.575000 0.843123
114.625000 0.840709
114.675000 0.838263
114.725000 0.835786
114.775000 0.833277
114.825000 0.830736
114.875000 0.828163
114.925000 0.825557
114.975000 0.822919
115.025000 0.820248
115.075000 0.817544
115.125000 0.814807
115.175000 0.812037
115.225000 0.809233
115.275000 0.806395
115.325000 0.803524
115.375000 0.800618
115.425000 0.797679
115.475000 0.794705
115.525000 0.791697
115.575000 0.788655
115.625000 0.785578
115.675000 0.782466
115.725000 0.779319
115.775000 0.776138
115.825000 0.772922
115.875000 0.769671
115.925000 0.766385
115.975000 0.763063
116.025000 0.759707
116.075000 0.756316
116.125000 0.752890
116.175000 0.749429
116.225000 0.745932
116.275000 0.742401
116.325000 0.738835
116.375000 0.735234
116.425000 0.731599
116.475000 0.727928
116.525000 0.724223
116.575000 0.720484
116.625000 0.716710
116.675000 0.712902
116.725000 0.709061
116.775000 0.705185
116.825000 0.701276
116.875000 0.697333
116.925000 0.693358
116.975000 0.689349
117.025000 0.685308
117.075000 0.681234
117.125000 0.677128
117.175000 0.672991
117.225000 0.668822
117.275000 0.664622
117.325000 0.660391
117.375000 0.656130
117.425000 0.651839
117.475000 0.647518
117.525000 0.643169
117.575000 0.638790
117.625000 0.634384
117.675000 0.629949
117.725000 0.625488
117.775000 0.621000
117.825000 0.616485
117.875000 0.611945
117.925000 0.607380
117.975000 0.602791
118.025000 0.598178
118.075000 0.593541
118.125000 0.588882
118.175000 0.584201
118.225000 0.579499
118.275000 0.574776
118.325000 0.570034
118.375000 0.565272
118.425000 0.560492
118.475000 0.555694
118.525000 0.550879
118.575000 0.546049
118.625000 0.541203
118.675000 0.536342
118.725000 0.531468
118.775000 0.526581
118.825000 0.521682
118.875000 0.516772
118.925000 0.511851
118.975000 0.506921
119.025000 0.501983
119.075000 0.497037
119.125000 0.492084
119.175000 0.487126
119.225000 0.482163
119.275000 0.477195
119.325000 0.472225
119.375000 0.467253
119.425000 0.462280
119.475000 0.457306
119.525000 0.452334
119.575000 0.447363
119.625000 0.442395
119.675000 0.437430
119.725000 0.432471
119.775000 0.427517
119.825000 0.422569
119.875000 0.417630
119.925000 0.412698
119.975000 0.407777
120.025000 0.402866
120.075000 0.397966
120.125000 0.393079
120.175000 0.388205
120.225000 0.383345
120.275000 0.378500
120.325000 0.373672
120.375000 0.368861
120.425000 0.364068
120.475000 0.359293
120.525000 0.354539
120.575000 0.349805
120.625000 0.345092
120.675000 0.340402
120.725000 0.335735
120.775000 0.331093
120.825000 0.326475
120.875000 0.321882
120.925000 0.317316
120.975000 0.312778
121.025000 0.308267
121.075000 0.303785
121.125000 0.299333
121.175000 0.294910
121.225000 0.290519
121.275000 0.286159
121.325000 0.281831
121.375000 0.277535
121.425000 0.273273
121.475000 0.269045
121.525000 0.264852
121.575000 0.260693
121.625000 0.256570
121.675000 0.252483
121.725000 0.248433
121.775000 0.244420
121.825000 0.240444
121.875000 0.236506
121.925000 0.232606
121.975000 0.228745
122.025000 0.224923
122.075000 0.221140
122.125000 0.217397
122.175000 0.213694
122.225000 0.210031
122.275000 0.206408
122.325000 0.202826
122.375000 0.199285
122.425000 0.195785
122.475000 0.192326
122.525000 0.188908
122.575000 0.185532
122.625000 0.182197
122.675000 0.178904
122.725000 0.175652
122.775000 0.172443
122.825000 0.169275
122.875000 0.166148
122.925000 0.163064
122.975000 0.160021
123.025000 0.157020
123.075000 0.154060
123.125000 0.151142
123.175000 0.148265
123.225000 0.145429
123.275000 0.142635
123.325000 0.139881
123.375000 0.137168
123.425000 0.134496
123.475000 0.131864
123.525000 0.129273
123.575000 0.126721
123.625000 0.124209
123.675000 0.121737
123.725000 0.119303
123.775000 0.116909
123.825000 0.114554
123.875000 0.112236
123.925000 0.109957
123.975000 0.107716
124.025000 0.105512
124.075000 0.103346
124.125000 0.101216
124.175000 0.099123
124.225000 0.097065
124.275000 0.095044
124.325000 0.093058
124.375000 0.091107
124.425000 0.089190
124.475000 0.087308
124.525000 0.085460
124.575000 0.083645
124.625000 0.081864
124.675000 0.080115
124.725000 0.078398
124.775000 0.076713
124.825000 0.075060
124.875000 0.073438
124.925000 0.071847
124.975000 0.070286
125.025000 0.068754
125.075000 0.067253
125.125000 0.065780
125.175000 0.064336
125.225000 0.062920
125.275000 0.061532
125.325000 0.060171
125.375000 0.058838
125.425000 0.057531
125.475000 0.056250
125.525000 0.054994
125.575000 0.053765
125.625000 0.052560
125.675000 0.051380
125.725000 0.050223
125.775000 0.049091
125.825000 0.047982
125.875000 0.046896
125.925000 0.045833
125.975000 0.044791
126.025000 0.043772
126.075000 0.042774
126.125000 0.041797
126.175000 0.040841
126.225000 0.039905
126.275000 0.038989
126.325000 0.038092
126.375000 0.037215
126.425000 0.036357
126.475000 0.035517
126.525000 0.034695
126.575000 0.033892
126.625000 0.033105
126.675000 0.032336
126.725000 0.031584
126.775000 0.030848
126.825000 0.030129
126.875000 0.029425
126.925000 0.028737
126.975000 0.028064
127.025000 0.027407
127.075000 0.026763
127.125000 0.026135
127.175000 0.025520
127.225000 0.024919
127.275000 0.024331
127.325000 0.023757
127.375000 0.023196
127.425000 0.022648
127.475000 0.022112
127.525000 0.021588
127.575000 0.021076
127.625000 0.020575
127.675000 0.020087
127.725000 0.019609
127.775000 0.019142
127.825000 0.018686
127.875000 0.018241
127.925000 0.017806
127.975000 0.017380
128.025000 0.016965
128.075000 0.016559
128.125000 0.016163
128.175000 0.015776
128.225000 0.015398
128.275000 0.015029
128.325000 0.014668
128.375000 0.014316
128.425000 0.013972
128.475000 0.013636
128.525000 0.013308
128.575000 0.012987
128.625000 0.012674
128.675000 0.012369
128.725000 0.012070
128.775000 0.011779
128.825000 0.011495
128.875000 0.011217
128.925000 0.010946
128.975000 0.010681
129.025000 0.010423
129.075000 0.010171
129.125000 0.009924
129.175000 0.009684
129.225000 0.009449
129.275000 0.009220
129.325000 0.008996
129.375000 0.008778
129.425000 0.008565
129.475000 0.008357
129.525000 0.008154
129.575000 0.007955
129.625000 0.007762
129.675000 0.007573
129.725000 0.007389
129.775000 0.007209
129.825000 0.007033
129.875000 0.006862
129.925000 0.006695
129.975000 0.006532
130.025000 0.006372
130.075000 0.006217
130.125000 0.006065
130.175000 0.005917
130.225000 0.005773
130.275000 0.005632
130.325000 0.005494
130.375000 0.005360
130.425000 0.005229
130.475000 0.005101
130.525000 0.004977
130.575000 0.004855
130.625000 0.004736
130.675000 0.004620
130.725000 0.004507
130.775000 0.004397
130.825000 0.004289
130.875000 0.004184
130.925000 0.004082
130.975000 0.003982
131.025000 0.003884
131.075000 0.003789
131.125000 0.003696
131.175000 0.003605
131.225000 0.003517
131.275000 0.003431
131.325000 0.003347
131.375000 0.003265
131.425000 0.003184
131.475000 0.003106
131.525000 0.003030
131.575000 0.002956
131.625000 0.002883
131.675000 0.002812
131.725000 0.002743
131.775000 0.002676
131.825000 0.002610
131.875000 0.002546
131.925000 0.002484
131.975000 0.002423
132.025000 0.002363
132.075000 0.002305
132.125000 0.002248
132.175000 0.002193
132.225000 0.002139
132.275000 0.002086
132.325000 0.002035
132.375000 0.001985
132.425000 0.001936
132.475000 0.001889
132.525000 0.001842
132.575000 0.001797
132.625000 0.001753
132.675000 0.001710
132.725000 0.001667
132.775000 0.001626
132.825000 0.001586
132.875000 0.001547
132.925000 0.001509
132.975000 0.001472
133.025000 0.001436
133.075000 0.001401
133.125000 0.001366
133.175000 0.001332
133.225000 0.001300
133.275000 0.001268
133.325000 0.001236
133.375000 0.001206
133.425000 0.001176
133.475000 0.001147
133.525000 0.001119
133.575000 0.001091
133.625000 0.001065
133.675000 0.001038
133.725000 0.001013
133.775000 0.000988
133.825000 0.000963
133.875000 0.000940
133.925000 0.000916
133.975000 0.000894
134.025000 0.000872
134.075000 0.000850
134.125000 0.000829
134.175000 0.000809
134.225000 0.000789
134.275000 0.000770
134.325000 0.000751
134.375000 0.000732
134.425000 0.000714
134.475000 0.000696
134.525000 0.000679
134.575000 0.000663
134.625000 0.000646
134.675000 0.000630
134.725000 0.000615
134.775000 0.000600
134.825000 0.000585
134.875000 0.000570
134.925000 0.000556
134.975000 0.000543
135.025000 0.000529
135.075000 0.000516
135.125000 0.000503
135.175000 0.000491
135.225000 0.000479
135.275000 0.000467
135.325000 0.000456
135.375000 0.000444
135.425000 0.000433
135.475000 0.000423
135.525000 0.000412
135.575000 0.000402
135.625000 0.000392
135.675000 0.000382
135.725000 0.000373
135.775000 0.000364
135.825000 0.000355
135.875000 0.000346
135.925000 0.000338
135.975000 0.000329
136.025000 0.000321
136.075000 0.000313
136.125000 0.000305
136.175000 0.000298
136.225000 0.000291
136.275000 0.000283
136.325000 0.000276
136.375000 0.000270
136.425000 0.000263
136.475000 0.000256
136.525000 0.000250
136.575000 0.000244
136.625000 0.000238
136.675000 0.000232
136.725000 0.000226
136.775000 0.000221
136.825000 0.000215
136.875000 0.000210
136.925000 0.000205
136.975000 0.000200
137.025000 0.000195
137.075000 0.000190
137.125000 0.000185
137.175000 0.000181
137.225000 0.000176
137.275000 0.000172
137.325000 0.000168
137.375000 0.000164
137.425000 0.000160
137.475000 0.000156
137.525000 0.000152
137.575000 0.000148
137.625000 0.000144
137.675000 0.000141
137.725000 0.000137
137.775000 0.000134
137.825000 0.000131
137.875000 0.000127
137.925000 0.000124
137.975000 0.000121
138.025000 0.000118
138.075000 0.000115
138.125000 0.000112
138.175000 0.000110
138.225000 0.000107
138.275000 0.000104
138.325000 0.000102
138.375000 0.000099
138.425000 0.000097
138.475000 0.000094
138.525000 0.000092
138.575000 0.000090
138.625000 0.000088
138.675000 0.000085
138.725000 0.000083
138.775000 0.000081
138.825000 0.000079
138.875000 0.000077
138.925000 0.000075
138.975000 0.000073
139.025000 0.000072
139.075000 0.000070
139.125000 0.000068
139.175000 0.000067
139.225000 0.000065
139.275000 0.000063
139.325000 0.000062
139.375000 0.000060
139.425000 0.000059
139.475000 0.000057
139.525000 0.000056
139.575000 0.000054
139.625000 0.000053
139.675000 0.000052
139.725000 0.000051
139.775000 0.000049
139.825000 0.000048
139.875000 0.000047
139.925000 0.000046
139.975000 0.000045
140.025000 0.000043
140.075000 0.000042
140.125000 0.000041
140.175000 0.000040
140.225000 0.000039
140.275000 0.000038
140.325000 0.000037
140.375000 0.000036
140.425000 0.000036
140.475000 0.000035
140.525000 0.000034
140.575000 0.000033
140.625000 0.000032
140.675000 0.000031
140.725000 0.000031
140.775000 0.000030
140.825000 0.000029
140.875000 0.000028
140.925000 0.000028
140.975000 0.000027
141.025000 0.000026
141.075000 0.000026
141.125000 0.000025
141.175000 0.000024
141.225000 0.000024
141.275000 0.000023
141.325000 0.000023
141.375000 0.000022
141.425000 0.000022
141.475000 0.000021
141.525000 0.000021
141.575000 0.000020
141.625000 0.000020
141.675000 0.000019
141.725000 0.000019
141.775000 0.000018
141.825000 0.000018
141.875000 0.000017
141.925000 0.000017
141.975000 0.000016
142.025000 0.000016
142.075000 0.000016
142.125000 0.000015
142.175000 0.000015
142.225000 0.000014
142.275000 0.000014
142.325000 0.000014
142.375000 0.000013
142.425000 0.000013
142.475000 0.000013
142.525000 0.000012
142.575000 0.000012
142.625000 0.000012
142.675000 0.000012
142.725000 0.000011
142.775000 0.000011
142.825000 0.000011
142.875000 0.000010
142.925000 0.000010
142.975000 0.000010
143.025000 0.000010
143.075000 0.000009
143.125000 0.000009
143.175000 0.000009
143.225000 0.000009
143.275000 0.000009
143.325000 0.000008
143.375000 0.000008
143.425000 0.000008
143.475000 0.000008
143.525000 0.000008
143.575000 0.000007
143.625000 0.000007
143.675000 0.000007
143.725000 0.000007
143.775000 0.000007
143.825000 0.000007
143.875000 0.000006
143.925000 0.000006
143.975000 0.000006
144.025000 0.000006
144.075000 0.000006
144.125000 0.000006
144.175000 0.000005
144.225000 0.000005
144.275000 0.000005
144.325000 0.000005
144.375000 0.000005
144.425000 0.000005
144.475000 0.000005
144.525000 0.000005
144.575000 0.000004
144.625000 0.000004
144.675000 0.000004
144.725000 0.000004
144.775000 0.000004
144.825000 0.000004
144.875000 0.000004
144.925000 0.000004
144.975000 0.000004
145.025000 0.000004
145.075000 0.000003
145.125000 0.000003
145.175000 0.000003
145.225000 0.000003
145.275000 0.000003
145.325000 0.000003
145.375000 0.000003
145.425000 0.000003
145.475000 0.000003
145.525000 0.000003
145.575000 0.000003
145.625000 0.000003
145.675000 0.000003
145.725000 0.000003
145.775000 0.000002
145.825000 0.000002
145.875000 0.000002
145.925000 0.000002
145.975000 0.000002
146.025000 0.000002
146.075000 0.000002
146.125000 0.000002
146.175000 0.000002
146.225000 0.000002
146.275000 0.000002
146.325000 0.000002
146.375000 0.000002
146.425000 0.000002
146.475000 0.000002
146.525000 0.000002
146.575000 0.000002
146.625000 0.000002
146.675000 0.000002
146.725000 0.000002
146.775000 0.000001
146.825000 0.000001
146.875000 0.000001
146.925000 0.000001
146.975000 0.000001
147.025000 0.000001
147.075000 0.000001
147.125000 0.000001
147.175000 0.000001
147.225000 0.000001
147.275000 0.000001
147.325000 0.000001
147.375000 0.000001
147.425000 0.000001
147.475000 0.000001
147.525000 0.000001
147.575000 0.000001
147.625000 0.000001
147.675000 0.000001
147.725000 0.000001
147.775000 0.000001
147.825000 0.000001
147.875000 0.000001
147.925000 0.000001
147.975000 0.000001
148.025000 0.000001
148.075000 0.000001
148.125000 0.000001
148.175000 0.000001
148.225000 0.000001
148.275000 0.000001
148.325000 0.000001
148.375000 0.000001
148.425000 0.000001
148.475000 0.000001
148.525000 0.000001
148.575000 0.000001
148.625000 0.000001
148.675000 0.000001
148.725000 0.000001
148.775000 0.000001
148.825000 0.000001
148.875000 0.000001
148.925000 0.000001
148.975000 0.000000
149.025000 0.000000
149.075000 0.000000
149.125000 0.000000
149.175000 0.000000
149.225000 0.000000
149.275000 0.000000
149.325000 0.000000
149.375000 0.000000
149.425000 0.000000
149.475000 0.000000
149.525000 0.000000
149.575000 0.000000
149.625000 0.000000
149.675000 0.000000
149.725000 0.000000
149.775000 0.000000
149.825000 0.000000
149.875000 0.000000
149.925000 0.000000
149.975000 0.000000
150.025000 0.000000
150.075000 0.000000
150.125000 0.000000
150.175000 0.000000
150.225000 0.000000
150.275000 0.000000
150.325000 0.000000
150.375000 0.000000
150.425000 0.000000
150.475000 0.000000
150.525000 0.000000
150.575000 0.000000
150.625000 0.000000
150.675000 0.000000
150.725000 0.000000
150.775000 0.000000
150.825000 0.000000
150.875000 0.000000
150.925000 0.000000
150.975000 0.000000
151.025000 0.000000
151.075000 0.000000
151.125000 0.000000
151.175000 0.000000
151.225000 0.000000
151.275000 0.000000
151.325000 0.000000
151.375000 0.000000
151.425000 0.000000
151.475000 0.000000
151.525000 0.000000
151.575000 0.000000
151.625000 0.000000
151.675000 0.000000
151.725000 0.000000
151.775000 0.000000
151.825000 0.000000
151.875000 0.000000
151.925000 0.000000
151.975000 0.000000
152.025000 0.000000
152.075000 0.000000
152.125000 0.000000
152.175000 0.000000
152.225000 0.000000
152.275000 0.000000
152.325000 0.000000
152.375000 0.000000
152.425000 0.000000
152.475000 0.000000
152.525000 0.000000
152.575000 0.000000
152.625000 0.000000
152.675000 0.000000
152.725000 0.000000
152.775000 0.000000
152.825000 0.000000
152.875000 0.000000
152.925000 0.000000
152.975000 0.000000
153.025000 0.000000
153.075000 0.000000
153.125000 0.000000
153.175000 0.000000
153.225000 0.000000
153.275000 0.000000
153.325000 0.000000
153.375000 0.000000
153.425000 0.000000
153.475000 0.000000
153.525000 0.000000
153.575000 0.000000
153.625000 0.000000
153.675000 0.000000
153.725000 0.000000
153.775000 0.000000
153.825000 0.000000
153.875000 0.000000
153.925000 0.000000
153.975000 0.000000
154.025000 0.000000
154.075000 0.000000
154.125000 0.000000
154.175000 0.000000
154.225000 0.000000
154.275000 0.000000
154.325000 0.000000
154.375000 0.000000
154.425000 0.000000
154.475000 0.000000
154.525000 0.000000
154.575000 0.000000
154.625000 0.000000
154.675000 0.000000
154.725000 0.000000
154.775000 0.000000
154.825000 0.000000
154.875000 0.000000
154.925000 0.000000
154.975000 0.000000
155.025000 0.000000
155.075000 0.000000
155.125000 0.000000
155.175000 0.000000
155.225000 0.000000
155.275000 0.000000
155.325000 0.000000
155.375000 0.000000
155.425000 0.000000
155.475000 0.000000
155.525000 0.000000
155.575000 0.000000
155.625000 0.000000
155.675000 0.000000
155.725000 0.000000
155.775000 0.000000
155.825000 0.000000
155.875000 0.000000
155.925000 0.000000
155.975000 0.000000
156.025000 0.000000
156.075000 0.000000
156.125000 0.000000
156.175000 0.000000
156.225000 0.000000
156.275000 0.000000
156.325000 0.000000
156.375000 0.000000
156.425000 0.000000
156.475000 0.000000
156.525000 0.000000
156.575000 0.000000
156.625000 0.000000
156.675000 0.000000
156.725000 0.000000
156.775000 0.000000
156.825000 0.000000
156.875000 0.000000
156.925000 0.000000
156.975000 0.000000
157.025000 0.000000
157.075000 0.000000
157.125000 0.000000
157.175000 0.000000
157.225000 0.000000
157.275000 0.000000
157.325000 0.000000
157.375000 0.000000
157.425000 0.000000
157.475000 0.000000
157.525000 0.000000
157.575000 0.000000
157.625000 0.000000
157.675000 0.000000
157.725000 0.000000
157.775000 0.000000
157.825000 0.000000
157.875000 0.000000
157.925000 0.000000
157.975000 0.000000
158.025000 0.000000
158.075000 0.000000
158.125000 0.000000
158.175000 0.000000
158.225000 0.000000
158.275000 0.000000
158.325000 0.000000
158.375000 0.000000
158.425000 0.000000
158.475000 0.000000
158.525000 0.000000
158.575000 0.000000
158.625000 0.000000
158.675000 0.000000
158.725000 0.000000
158.775000 0.000000
158.825000 0.000000
158.875000 0.000000
158.925000 0.000000
158.975000 0.000000
159.025000 0.000000
159.075000 0.000000
159.125000 0.000000
159.175000 0.000000
159.225000 0.000000
159.275000 0.000000
159.325000 0.000000
159.375000 0.000000
159.425000 0.000000
159.475000 0.000000
159.525000 0.000000
159.575000 0.000000
159.625000 0.000000
159.675000 0.000000
159.725000 0.000000
159.775000 0.000000
159.825000 0.000000
159.875000 0.000000
159.925000 0.000000
159.975000 0.000000
160.025000 0.000000
160.075000 0.000000
160.125000 0.000000
160.175000 0.000000
160.225000 0.000000
160.275000 0.000000
160.325000 0.000000
160.375000 0.000000
160.425000 0.000000
160.475000 0.000000
160.525000 0.000000
160.575000 0.000000
160.625000 0.000000
160.675000 0.000000
160.725000 0.000000
160.775000 0.000000
160.825000 0.000000
160.875000 0.000000
160.925000 0.000000
160.975000 0.000000
161.025000 0.000000
161.075000 0.000000
161.125000 0.000000
161.175000 0.000000
161.225000 0.000000
161.275000 0.000000
161.325000 0.000000
161.375000 0.000000
161.425000 0.000000
161.475000 0.000000
161.525000 0.000000
161.575000 0.000000
161.625000 0.000000
161.675000 0.000000
161.725000 0.000000
161.775000 0.000000
161.825000 0.000000
161.875000 0.000000
161.925000 0.000000
161.975000 0.000000
162.025000 0.000000
162.075000 0.000000
162.125000 0.000000
162.175000 0.000000
162.225000 0.000000
162.275000 0.000000
162.325000 0.000000
162.375000 0.000000
162.425000 0.000000
162.475000 0.000000
162.525000 0.000000
162.575000 0.000000
162.625000 0.000000
162.675000 0.000000
162.725000 0.000000
162.775000 0.000000
162.825000 0.000000
162.875000 0.000000
162.925000 0.000000
162.975000 0.000000
163.025000 0.000000
163.075000 0.000000
163.125000 0.000000
163.175000 0.000000
163.225000 0.000000
163.275000 0.000000
163.325000 0.000000
163.375000 0.000000
163.425000 0.000000
163.475000 0.000000
163.525000 0.000000
163.575000 0.000000
163.625000 0.000000
163.675000 0.000000
163.725000 0.000000
163.775000 0.000000
163.825000 0.000000
163.875000 0.000000
163.925000 0.000000
163.975000 0.000000
164.025000 0.000000
164.075000 0.000000
164.125000 0.000000
164.175000 0.000000
164.225000 0.000000
164.275000 0.000000
164.325000 0.000000
164.375000 0.000000
164.425000 0.000000
164.475000 0.000000
164.525000 0.000000
164.575000 0.000000
164.625000 0.000000
164.675000 0.000000
164.725000 0.000000
164.775000 0.000000
164.825000 0.000000
164.875000 0.000000
164.925000 0.000000
164.975000 0.000000
165.025000 0.000000
165.075000 0.000000
165.125000 0.000000
165.175000 0.000000
165.225000 0.000000
165.275000 0.000000
165.325000 0.000000
165.375000 0.000000
165.425000 0.000000
165.475000 0.000000
165.525000 0.000000
165.575000 0.000000
165.625000 0.000000
165.675000 0.000000
165.725000 0.000000
165.775000 0.000000
165.825000 0.000000
165.875000 0.000000
165.925000 0.000000
165.975000 0.000000
166.025000 0.000000
166.075000 0.000000
166.125000 0.000000
166.175000 0.000000
166.225000 0.000000
166.275000 0.000000
166.325000 0.000000
166.375000 0.000000
166.425000 0.000000
166.475000 0.000000
166.525000 0.000000
166.575000 0.000000
166.625000 0.000000
166.675000 0.000000
166.725000 0.000000
166.775000 0.000000
166.825000 0.000000
166.875000 0.000000
166.925000 0.000000
166.975000 0.000000
167.025000 0.000000
167.075000 0.000000
167.125000 0.000000
167.175000 0.000000
167.225000 0.000000
167.275000 0.000000
167.325000 0.000000
167.375000 0.000000
167.425000 0.000000
167.475000 0.000000
167.525000 0.000000
167.575000 0.000000
167.625000 0.000000
167.675000 0.000000
167.725000 0.000000
167.775000 0.000000
167.825000 0.000000
167.875000 0.000000
167.925000 0.000000
167.975000 0.000000
168.025000 0.000000
168.075000 0.000000
168.125000 0.000000
168.175000 0.000000
168.225000 0.000000
168.275000 0.000000
168.325000 0.000000
168.375000 0.000000
168.425000 0.000000
168.475000 0.000000
168.525000 0.000000
168.575000 0.000000
168.625000 0.000000
168.675000 0.000000
168.725000 0.000000
168.775000 0.000000
168.825000 0.000000
168.875000 0.000000
168.925000 0.000000
168.975000 0.000000
169.025000 0.000000
169.075000 0.000000
169.125000 0.000000
169.175000 0.000000
169.225000 0.000000
169.275000 0.000000
169.325000 0.000000
169.375000 0.000000
169.425000 0.000000
169.475000 0.000000
169.525000 0.000000
169.575000 0.000000
169.625000 0.000000
169.675000 0.000000
169.725000 0.000000
169.775000 0.000000
169.825000 0.000000
169.875000 0.000000
169.925000 0.000000
169.975000 0.000000
170.025000 0.000000
170.075000 0.000000
170.125000 0.000000
170.175000 0.000000
170.225000 0.000000
170.275000 0.000000
170.325000 0.000000
170.375000 0.000000
170.425000 0.000000
170.475000 0.000000
170.525000 0.000000
170.575000 0.000000
170.625000 0.000000
170.675000 0.000000
170.725000 0.000000
170.775000 0.000000
170.825000 0.000000
170.875000 0.000000
170.925000 0.000000
170.975000 0.000000
171.025000 0.000000
171.075000 0.000000
171.125000 0.000000
171.175000 0.000000
171.225000 0.000000
171.275000 0.000000
171.325000 0.000000
171.375000 0.000000
171.425000 0.000000
171.475000 0.000000
171.525000 0.000000
171.575000 0.000000
171.625000 0.000000
171.675000 0.000000
171.725000 0.000000
171.775000 0.000000
171.825000 0.000000
171.875000 0.000000
171.925000 0.000000
171.975000 0.000000
172.025000 0.000000
172.075000 0.000000
172.125000 0.000000
172.175000 0.000000
172.225000 0.000000
172.275000 0.000000
172.325000 0.000000
172.375000 0.000000
172.425000 0.000000
172.475000 0.000000
172.525000 0.000000
172.575000 0.000000
172.625000 0.000000
172.675000 0.000000
172.725000 0.000000
172.775000 0.000000
172.825000 0.000000
172.875000 0.000000
172.925000 0.000000
172.975000 0.000000
173.025000 0.000000
173.075000 0.000000
173.125000 0.000000
173.175000 0.000000
173.225000 0.000000
173.275000 0.000000
173.325000 0.000000
173.375000 0.000000
173.425000 0.000000
173.475000 0.000000
173.525000 0.000000
173.575000 0.000000
173.625000 0.000000
173.675000 0.000000
173.725000 0.000000
173.775000 0.000000
173.825000 0.000000
173.875000 0.000000
173.925000 0.000000
173.975000 0.000000
174.025000 0.000000
174.075000 0.000000
174.125000 0.000000
174.175000 0.000000
174.225000 0.000000
174.275000 0.000000
174.325000 0.000000
174.375000 0.000000
174.425000 0.000000
174.475000 0.000000
174.525000 0.000000
174.575000 0.000000
174.625000 0.000000
174.675000 0.000000
174.725000 0.000000
174.775000 0.000000
174.825000 0.000000
174.875000 0.000000
174.925000 0.000000
174.975000 0.000000
175.025000 0.000000
175.075000 0.000000
175.125000 0.000000
175.175000 0.000000
175.225000 0.000000
175.275000 0.000000
175.325000 0.000000
175.375000 0.000000
175.425000 0.000000
175.475000 0.000000
175.525000 0.000000
175.575000 0.000000
175.625000 0.000000
175.675000 0.000000
175.725000 0.000000
175.775000 0.000000
175.825000 0.000000
175.875000 0.000000
175.925000 0.000000
175.975000 0.000000
176.025000 0.000000
176.075000 0.000000
176.125000 0.000000
176.175000 0.000000
176.225000 0.000000
176.275000 0.000000
176.325000 0.000000
176.375000 0.000000
176.425000 0.000000
176.475000 0.000000
176.525000 0.000000
176.575000 0.000000
176.625000 0.000000
176.675000 0.000000
176.725000 0.000000
176.775000 0.000000
176.825000 0.000000
176.875000 0.000000
176.925000 0.000000
176.975000 0.000000
177.025000 0.000000
177.075000 0.000000
177.125000 0.000000
177.175000 0.000000
177.225000 0.000000
177.275000 0.000000
177.325000 0.000000
177.375000 0.000000
177.425000 0.000000
177.475000 0.000000
177.525000 0.000000
177.575000 0.000000
177.625000 0.000000
177.675000 0.000000
177.725000 0.000000
177.775000 0.000000
177.825000 0.000000
177.875000 0.000000
177.925000 0.000000
177.975000 0.000000
178.025000 0.000000
178.075000 0.000000
178.125000 0.000000
178.175000 0.000000
178.225000 0.000000
178.275000 0.000000
178.325000 0.000000
178.375000 0.000000
178.425000 0.000000
178.475000 0.000000
178.525000 0.000000
178.575000 0.000000
178.625000 0.000000
178.675000 0.000000
178.725000 0.000000
178.775000 0.000000
178.825000 0.000000
178.875000 0.000000
178.925000 0.000000
178.975000 0.000000
179.025000 0.000000
179.075000 0.000000
179.125000 0.000000
179.175000 0.000000
179.225000 0.000000
179.275000 0.000000
179.325000 0.000000
179.375000 0.000000
179.425000 0.000000
179.475000 0.000000
179.525000 0.000000
179.575000 0.000000
179.625000 0.000000
179.675000 0.000000
179.725000 0.000000
179.775000 0.000000
179.825000 0.000000
179.875000 0.000000
179.925000 0.000000
179.975000 0.000000
180.025000 0.000000
180.075000 0.000000
180.125000 0.000000
180.175000 0.000000
180.225000 0.000000
180.275000 0.000000
180.325000 0.000000
180.375000 0.000000
180.425000 0.000000
180.475000 0.000000
180.525000 0.000000
180.575000 0.000000
180.625000 0.000000
180.675000 0.000000
180.725000 0.000000
180.775000 0.000000
180.825000 0.000000
180.875000 0.000000
180.925000 0.000000
180.975000 0.000000
181.025000 0.000000
181.075000 0.000000
181.125000 0.000000
181.175000 0.000000
181.225000 0.000000
181.275000 0.000000
181.325000 0.000000
181.375000 0.000000
181.425000 0.000000
181.475000 0.000000
181.525000 0.000000
181.575000 0.000000
181.625000 0.000000
181.675000 0.000000
181.725000 0.000000
181.775000 0.000000
181.825000 0.000000
181.875000 0.000000
181.925000 0.000000
181.975000 0.000000
182.025000 0.000000
182.075000 0.000000
182.125000 0.000000
182.175000 0.000000
182.225000 0.000000
182.275000 0.000000
182.325000 0.000000
182.375000 0.000000
182.425000 0.000000
182.475000 0.000000
182.525000 0.000000
182.575000 0.000000
182.625000 0.000000
182.675000 0.000000
182.725000 0.000000
182.775000 0.000000
182.825000 0.000000
182.875000 0.000000
182.925000 0.000000
182.975000 0.000000
183.025000 0.000000
183.075000 0.000000
183.125000 0.000000
183.175000 0.000000
183.225000 0.000000
183.275000 0.000000
183.325000 0.000000
183.375000 0.000000
183.425000 0.000000
183.475000 0.000000
183.525000 0.000000
183.575000 0.000000
183.625000 0.000000
183.675000 0.000000
183.725000 0.000000
183.775000 0.000000
183.825000 0.000000
183.875000 0.000000
183.925000 0.000000
183.975000 0.000000
184.025000 0.000000
184.075000 0.000000
184.125000 0.000000
184.175000 0.000000
184.225000 0.000000
184.275000 0.000000
184.325000 0.000000
184.375000 0.000000
184.425000 0.000000
184.475000 0.000000
184.525000 0.000000
184.575000 0.000000
184.625000 0.000000
184.675000 0.000000
184.725000 0.000000
184.775000 0.000000
184.825000 0.000000
184.875000 0.000000
184.925000 0.000000
184.975000 0.000000
185.025000 0.000000
185.075000 0.000000
185.125000 0.000000
185.175000 0.000000
185.225000 0.000000
185.275000 0.000000
185.325000 0.000000
185.375000 0.000000
185.425000 0.000000
185.475000 0.000000
185.525000 0.000000
185.575000 0.000000
185.625000 0.000000
185.675000 0.000000
185.725000 0.000000
185.775000 0.000000
185.825000 0.000000
185.875000 0.000000
185.925000 0.000000
185.975000 0.000000
186.025000 0.000000
186.075000 0.000000
186.125000 0.000000
186.175000 0.000000
186.225000 0.000000
186.275000 0.000000
186.325000 0.000000
186.375000 0.000000
186.425000 0.000000
186.475000 0.000000
186.525000 0.000000
186.575000 0.000000
186.625000 0.000000
186.675000 0.000000
186.725000 0.000000
186.775000 0.000000
186.825000 0.000000
186.875000 0.000000
186.925000 0.000000
186.975000 0.000000
187.025000 0.000000
187.075000 0.000000
187.125000 0.000000
187.175000 0.000000
187.225000 0.000000
187.275000 0.000000
187.325000 0.000000
187.375000 0.000000
187.425000 0.000000
187.475000 0.000000
187.525000 0.000000
187.575000 0.000000
187.625000 0.000000
187.675000 0.000000
187.725000 0.000000
187.775000 0.000000
187.825000 0.000000
187.875000 0.000000
187.925000 0.000000
187.975000 0.000000
188.025000 0.000000
188.075000 0.000000
188.125000 0.000000
188.175000 0.000000
188.225000 0.000000
188.275000 0.000000
188.325000 0.000000
188.375000 0.000000
188.425000 0.000000
188.475000 0.000000
188.525000 0.000000
188.575000 0.000000
188.625000 0.000000
188.675000 0.000000
188.725000 0.000000
188.775000 0.000000
188.825000 0.000000
188.875000 0.000000
188.925000 0.000000
188.975000 0.000000
189.025000 0.000000
189.075000 0.000000
189.125000 0.000000
189.175000 0.000000
189.225000 0.000000
189.275000 0.000000
189.325000 0.000000
189.375000 0.000000
189.425000 0.000000
189.475000 0.000000
189.525000 0.000000
189.575000 0.000000
189.625000 0.000000
189.675000 0.000000
189.725000 0.000000
189.775000 0.000000
189.825000 0.000000
189.875000 0.000000
189.925000 0.000000
189.975000 0.000000
190.025000 0.000000
190.075000 0.000000
190.125000 0.000000
190.175000 0.000000
190.225000 0.000000
190.275000 0.000000
190.325000 0.000000
190.375000 0.000000
190.425000 0.000000
190.475000 0.000000
190.525000 0.000000
190.575000 0.000000
190.625000 0.000000
190.675000 0.000000
190.725000 0.000000
190.775000 0.000000
190.825000 0.000000
190.875000 0.000000
190.925000 0.000000
190.975000 0.000000
191.025000 0.000000
191.075000 0.000000
191.125000 0.000000
191.175000 0.000000
191.225000 0.000000
191.275000 0.000000
191.325000 0.000000
191.375000 0.000000
191.425000 0.000000
191.475000 0.000000
191.525000 0.000000
191.575000 0.000000
191.625000 0.000000
191.675000 0.000000
191.725000 0.000000
191.775000 0.000000
191.825000 0.000000
191.875000 0.000000
191.925000 0.000000
191.975000 0.000000
192.025000 0.000000
192.075000 0.000000
192.125000 0.000000
192.175000 0.000000
192.225000 0.000000
192.275000 0.000000
192.325000 0.000000
192.375000 0.000000
192.425000 0.000000
192.475000 0.000000
192.525000 0.000000
192.575000 0.000000
192.625000 0.000000
192.675000 0.000000
192.725000 0.000000
192.775000 0.000000
192.825000 0.000000
192.875000 0.000000
192.925000 0.000000
192.975000 0.000000
193.025000 0.000000
193.075000 0.000000
193.125000 0.000000
193.175000 0.000000
193.225000 0.000000
193.275000 0.000000
193.325000 0.000000
193.375000 0.000000
193.425000 0.000000
193.475000 0.000000
193.525000 0.000000
193.575000 0.000000
193.625000 0.000000
193.675000 0.000000
193.725000 0.000000
193.775000 0.000000
193.825000 0.000000
193.875000 0.000000
193.925000 0.000000
193.975000 0.000000
194.025000 0.000000
194.075000 0.000000
194.125000 0.000000
194.175000 0.000000
194.225000 0.000000
194.275000 0.000000
194.325000 0.000000
194.375000 0.000000
194.425000 0.000000
194.475000 0.000000
194.525000 0.000000
194.575000 0.000000
194.625000 0.000000
194.675000 0.000000
194.725000 0.000000
194.775000 0.000000
194.825000 0.000000
194.875000 0.000000
194.925000 0.000000
194.975000 0.000000
195.025000 0.000000
195.075000 0.000000
195.125000 0.000000
195.175000 0.000000
195.225000 0.000000
195.275000 0.000000
195.325000 0.000000
195.375000 0.000000
195.425000 0.000000
195.475000 0.000000
195.525000 0.000000
195.575000 0.000000
195.625000 0.000000
195.675000 0.000000
195.725000 0.000000
195.775000 0.000000
195.825000 0.000000
195.875000 0.000000
195.925000 0.000000
195.975000 0.000000
196.025000 0.000000
196.075000 0.000000
196.125000 0.000000
196.175000 0.000000
196.225000 0.000000
196.275000 0.000000
196.325000 0.000000
196.375000 0.000000
196.425000 0.000000
196.475000 0.000000
196.525000 0.000000
196.575000 0.000000
196.625000 0.000000
196.675000 0.000000
196.725000 0.000000
196.775000 0.000000
196.825000 0.000000
196.875000 0.000000
196.925000 0.000000
196.975000 0.000000
197.025000 0.000000
197.075000 0.000000
197.125000 0.000000
197.175000 0.000000
197.225000 0.000000
197.275000 0.000000
197.325000 0.000000
197.375000 0.000000
197.425000 0.000000
197.475000 0.000000
197.525000 0.000000
197.575000 0.000000
197.625000 0.000000
197.675000 0.000000
197.725000 0.000000
197.775000 0.000000
197.825000 0.000000
197.875000 0.000000
197.925000 0.000000
197.975000 0.000000
198.025000 0.000000
198.075000 0.000000
198.125000 0.000000
198.175000 0.000000
198.225000 0.000000
198.275000 0.000000
198.325000 0.000000
198.375000 0.000000
198.425000 0.000000
198.475000 0.000000
198.525000 0.000000
198.575000 0.000000
198.625000 0.000000
198.675000 0.000000
198.725000 0.000000
198.775000 0.000000
198.825000 0.000000
198.875000 0.000000
198.925000 0.000000
198.975000 0.000000
199.025000 0.000000
199.075000 0.000000
199.125000 0.000000
199.175000 0.000000
199.225000 0.000000
199.275000 0.000000
199.325000 0.000000
199.375000 0.000000
199.425000 0.000000
199.475000 0.000000
199.525000 0.000000
199.575000 0.000000
199.625000 0.000000
199.675000 0.000000
199.725000 0.000000
199.775000 0.000000
199.825000 0.000000
199.875000 0.000000
199.925000 0.000000
199.975000 0.000000
200.000000 0.000000