0.000000 1.000000
0.025000 1.000000
0.075000 1.000000
0.125000 1.000000
0.175000 1.000000
0.225000 1.000000
0.275000 1.000000
0.325000 1.000000
0.375000 1.000000
0.425000 1.000000
0.475000 1.000000
0.525000 1.000000
0.575000 1.000000
0.625000 1.000000
0.675000 1.000000
0.725000 1.000000
0.775000 1.000000
0.825000 1.000000
0.875000 1.000000
0.925000 1.000000
0.975000 1.000000
1.025000 1.000000
1.075000 1.000000
1.125000 1.000000
1.175000 1.000000
1.225000 1.000000
1.275000 1.000000
1.325000 1.000000
1.375000 1.000000
1.425000 1.000000
1.475000 1.000000
1.525000 1.000000
1.575000 1.000000
1.625000 1.000000
1.675000 1.000000
1.725000 1.000000
1.775000 1.000000
1.825000 1.000000
1.875000 1.000000
1.925000 1.000000
1.975000 1.000000
2.025000 1.000000
2.075000 1.000000
2.125000 1.000000
2.175000 1.000000
2.225000 1.000000
2.275000 1.000000
2.325000 1.000000
2.375000 1.000000
2.425000 1.000000
2.475000 1.000000
2.525000 1.000000
2.575000 1.000000
2.625000 1.000000
2.675000 1.000000
2.725000 1.000000
2.775000 1.000000
2.825000 1.000000
2.875000 1.000000
2.925000 1.000000
2.975000 1.000000
3.025000 1.000000
3.075000 1.000000
3.125000 1.000000
3.175000 1.000000
3.225000 1.000000
3.275000 1.000000
3.325000 1.000000
3.375000 1.000000
3.425000 1.000000
3.475000 1.000000
3.525000 1.000000
3.575000 1.000000
3.625000 1.000000
3.675000 1.000000
3.725000 1.000000
3.775000 1.000000
3.825000 1.000000
3.875000 1.000000
3.925000 1.000000
3.975000 1.000000
4.025000 1.000000
4.075000 1.000000
4.125000 1.000000
4.175000 1.000000
4.225000 1.000000
4.275000 1.000000
4.325000 1.000000
4.375000 1.000000
4.425000 1.000000
4.475000 1.000000
4.525000 1.000000
4.575000 1.000000
4.625000 1.000000
4.675000 1.000000
4.725000 1.000000
4.775000 1.000000
4.825000 1.000000
4.875000 1.000000
4.925000 1.000000
4.975000 1.000000
5.025000 1.000000
5.075000 1.000000
5.125000 1.000000
5.175000 1.000000
5.225000 1.000000
5.275000 1.000000
5.325000 1.000000
5.375000 1.000000
5.425000 1.000000
5.475000 1.000000
5.525000 1.000000
5.575000 1.000000
5.625000 1.000000
5.675000 1.000000
5.725000 1.000000
5.775000 1.000000
5.825000 1.000000
5.875000 1.000000
5.925000 1.000000
5.975000 1.000000
6.025000 1.000000
6.075000 1.000000
6.125000 1.000000
6.175000 1.000000
6.225000 1.000000
6.275000 1.000000
6.325000 1.000000
6.375000 1.000000
6.425000 1.000000
6.475000 1.000000
6.525000 1.000000
6.575000 1.000000
6.625000 1.000000
6.675000 1.000000
6.725000 1.000000
6.775000 1.000000
6.825000 1.000000
6.875000 1.000000
6.925000 1.000000
6.975000 1.000000
7.025000 1.000000
7.075000 1.000000
7.125000 1.000000
7.175000 1.000000
7.225000 1.000000
7.275000 1.000000
7.325000 1.000000
7.375000 1.000000
7.425000 1.000000
7.475000 1.000000
7.525000 1.000000
7.575000 1.000000
7.625000 1.000000
7.675000 1.000000
7.725000 1.000000
7.775000 1.000000
7.825000 1.000000
7.875000 1.000000
7.925000 1.000000
7.975000 1.000000
8.025000 1.000000
8.075000 1.000000
8.125000 1.000000
8.175000 1.000000
8.225000 1.000000
8.275000 1.000000
8.325000 1.000000
8.375000 1.000000
8.425000 1.000000
8.475000 1.000000
8.525000 1.000000
8.575000 1.000000
8.625000 1.000000
8.675000 1.000000
8.725000 1.000000
8.775000 1.000000
8.825000 1.000000
8.875000 1.000000
8.925000 1.000000
8.975000 1.000000
9.025000 1.000000
9.075000 1.000000
9.125000 1.000000
9.175000 1.000000
9.225000 1.000000
9.275000 1.000000
9.325000 1.000000
9.375000 1.000000
9.425000 1.000000
9.475000 1.000000
9.525000 1.000000
9.575000 1.000000
9.625000 1.000000
9.675000 1.000000
9.725000 1.000000
9.775000 1.000000
9.825000 1.000000
9.875000 1.000000
9.925000 1.000000
9.975000 1.000000
10.025000 1.000000
10.075000 1.000000
10.125000 1.000000
10.175000 1.000000
10.225000 1.000000
10.275000 1.000000
10.325000 1.000000
10.375000 1.000000
10.425000 1.000000
10.475000 1.000000
10.525000 1.000000
10.575000 1.000000
10.625000 1.000000
10.675000 1.000000
10.725000 1.000000
10.775000 1.000000
10.825000 1.000000
10.875000 1.000000
10.925000 1.000000
10.975000 1.000000
11.025000 1.000000
11.075000 1.000000
11.125000 1.000000
11.175000 1.000000
11.225000 1.000000
11.275000 1.000000
11.325000 1.000000
11.375000 1.000000
11.425000 1.000000
11.475000 1.000000
11.525000 1.000000
11.575000 1.000000
11.625000 1.000000
11.675000 1.000000
11.725000 1.000000
11.775000 1.000000
11.825000 1.000000
11.875000 1.000000
11.925000 1.000000
11.975000 1.000000
12.025000 1.000000
12.075000 1.000000
12.125000 1.000000
12.175000 1.000000
12.225000 1.000000
12.275000 1.000000
12.325000 1.000000
12.375000 1.000000
12.425000 1.000000
12.475000 1.000000
12.525000 1.000000
12.575000 1.000000
12.625000 1.000000
12.675000 1.000000
12.725000 1.000000
12.775000 1.000000
12.825000 1.000000
12.875000 1.000000
12.925000 1.000000
12.975000 1.000000
13.025000 1.000000
13.075000 1.000000
13.125000 1.000000
13.175000 1.000000
13.225000 1.000000
13.275000 1.000000
13.325000 1.000000
13.375000 1.000000
13.425000 1.000000
13.475000 1.000000
13.525000 1.000000
13.575000 1.000000
13.625000 1.000000
13.675000 1.000000
13.725000 1.000000
13.775000 1.000000
13.825000 1.000000
13.875000 1.000000
13.925000 1.000000
13.975000 1.000000
14.025000 1.000000
14.075000 1.000000
14.125000 1.000000
14.175000 1.000000
14.225000 1.000000
14.275000 1.000000
14.325000 1.000000
14.375000 1.000000
14.425000 1.000000
14.475000 1.000000
14.525000 1.000000
14.575000 1.000000
14.625000 1.000000
14.675000 1.000000
14.725000 1.000000
14.775000 1.000000
14.825000 1.000000
14.875000 1.000000
14.925000 1.000000
14.975000 1.000000
15.025000 1.000000
15.075000 1.000000
15.125000 1.000000
15.175000 1.000000
15.225000 1.000000
15.275000 1.000000
15.325000 1.000000
15.375000 1.000000
15.425000 1.000000
15.475000 1.000000
15.525000 1.000000
15.575000 1.000000
15.625000 1.000000
15.675000 1.000000
15.725000 1.000000
15.775000 1.000000
15.825000 1.000000
15.875000 1.000000
15.925000 1.000000
15.975000 1.000000
16.025000 1.000000
16.075000 1.000000
16.125000 1.000000
16.175000 1.000000
16.225000 1.000000
16.275000 1.000000
16.325000 1.000000
16.375000 1.000000
16.425000 1.000000
16.475000 1.000000
16.525000 1.000000
16.575000 1.000000
16.625000 1.000000
16.675000 1.000000
16.725000 1.000000
16.775000 1.000000
16.825000 1.000000
16.875000 1.000000
16.925000 1.000000
16.975000 1.000000
17.025000 1.000000
17.075000 1.000000
17.125000 1.000000
17.175000 1.000000
17.225000 1.000000
17.275000 1.000000
17.325000 1.000000
17.375000 1.000000
17.425000 1.000000
17.475000 1.000000
17.525000 1.000000
17.575000 1.000000
17.625000 1.000000
17.675000 1.000000
17.725000 1.000000
17.775000 1.000000
17.825000 1.000000
17.875000 1.000000
17.925000 1.000000
17.975000 1.000000
18.025000 1.000000
18.075000 1.000000
18.125000 1.000000
18.175000 1.000000
18.225000 1.000000
18.275000 1.000000
18.325000 1.000000
18.375000 1.000000
18.425000 1.000000
18.475000 1.000000
18.525000 1.000000
18.575000 1.000000
18.625000 1.000000
18.675000 1.000000
18.725000 1.000000
18.775000 1.000000
18.825000 1.000000
18.875000 1.000000
18.925000 1.000000
18.975000 1.000000
19.025000 1.000000
19.075000 1.000000
19.125000 1.000000
19.175000 1.000000
19.225000 1.000000
19.275000 1.000000
19.325000 1.000000
19.375000 1.000000
19.425000 1.000000
19.475000 1.000000
19.525000 1.000000
19.575000 1.000000
19.625000 1.000000
19.675000 1.000000
19.725000 1.000000
19.775000 1.000000
19.825000 1.000000
19.875000 1.000000
19.925000 1.000000
19.975000 1.000000
20.025000 1.000000
20.075000 1.000000
20.125000 1.000000
20.175000 1.000000
20.225000 1.000000
20.275000 1.000000
20.325000 1.000000
20.375000 1.000000
20.425000 1.000000
20.475000 1.000000
20.525000 1.000000
20.575000 1.000000
20.625000 1.000000
20.675000 1.000000
20.725000 1.000000
20.775000 1.000000
20.825000 1.000000
20.875000 1.000000
20.925000 1.000000
20.975000 1.000000
21.025000 1.000000
21.075000 1.000000
21.125000 1.000000
21.175000 1.000000
21.225000 1.000000
21.275000 1.000000
21.325000 1.000000
21.375000 1.000000
21.425000 1.000000
21.475000 1.000000
21.525000 1.000000
21.575000 1.000000
21.625000 1.000000
21.675000 1.000000
21.725000 1.000000
21.775000 1.000000
21.825000 1.000000
21.875000 1.000000
21.925000 1.000000
21.975000 1.000000
22.025000 1.000000
22.075000 1.000000
22.125000 1.000000
22.175000 1.000000
22.225000 1.000000
22.275000 1.000000
22.325000 1.000000
22.375000 1.000000
22.425000 1.000000
22.475000 1.000000
22.525000 1.000000
22.575000 1.000000
22.625000 1.000000
22.675000 1.000000
22.725000 1.000000
22.775000 1.000000
22.825000 1.000000
22.875000 1.000000
22.925000 1.000000
22.975000 1.000000
23.025000 1.000000
23.075000 1.000000
23.125000 1.000000
23.175000 1.000000
23.225000 1.000000
23.275000 1.000000
23.325000 1.000000
23.375000 1.000000
23.425000 1.000000
23.475000 1.000000
23.525000 1.000000
23.575000 1.000000
23.625000 1.000000
23.675000 1.000000
23.725000 1.000000
23.775000 1.000000
23.825000 1.000000
23.875000 1.000000
23.925000 1.000000
23.975000 1.000000
24.025000 1.000000
24.075000 1.000000
24.125000 1.000000
24.175000 1.000000
24.225000 1.000000
24.275000 1.000000
24.325000 1.000000
24.375000 1.000000
24.425000 1.000000
24.475000 1.000000
24.525000 1.000000
24.575000 1.000000
24.625000 1.000000
24.675000 1.000000
24.725000 1.000000
24.775000 1.000000
24.825000 1.000000
24.875000 1.000000
24.925000 1.000000
24.975000 1.000000
25.025000 1.000000
25.075000 1.000000
25.125000 1.000000
25.175000 1.000000
25.225000 1.000000
25.275000 1.000000
25.325000 1.000000
25.375000 1.000000
25.425000 1.000000
25.475000 1.000000
25.525000 1.000000
25.575000 1.000000
25.625000 1.000000
25.675000 1.000000
25.725000 1.000000
25.775000 1.000000
25.825000 1.000000
25.875000 1.000000
25.925000 1.000000
25.975000 1.000000
26.025000 1.000000
26.075000 1.000000
26.125000 1.000000
26.175000 1.000000
26.225000 1.000000
26.275000 1.000000
26.325000 1.000000
26.375000 1.000000
26.425000 1.000000
26.475000 1.000000
26.525000 1.000000
26.575000 1.000000
26.625000 1.000000
26.675000 1.000000
26.725000 1.000000
26.775000 1.000000
26.825000 1.000000
26.875000 1.000000
26.925000 1.000000
26.975000 1.000000
27.025000 1.000000
27.075000 1.000000
27.125000 1.000000
27.175000 1.000000
27.225000 1.000000
27.275000 1.000000
27.325000 1.000000
27.375000 1.000000
27.425000 1.000000
27.475000 1.000000
27.525000 1.000000
27.575000 1.000000
27.625000 1.000000
27.675000 1.000000
27.725000 1.000000
27.775000 1.000000
27.825000 1.000000
27.875000 0.999999
27.925000 0.999999
27.975000 0.999999
28.025000 0.999999
28.075000 0.999999
28.125000 0.999999
28.175000 0.999999
28.225000 0.999999
28.275000 0.999999
28.325000 0.999999
28.375000 0.999999
28.425000 0.999999
28.475000 0.999999
28.525000 0.999999
28.575000 0.999999
28.625000 0.999999
28.675000 0.999999
28.725000 0.999999
28.775000 0.999999
28.825000 0.999999
28.875000 0.999999
28.925000 0.999999
28.975000 0.999999
29.025000 0.999999
29.075000 0.999999
29.125000 0.999999
29.175000 0.999999
29.225000 0.999999
29.275000 0.999999
29.325000 0.999999
29.375000 0.999999
29.425000 0.999999
29.475000 0.999999
29.525000 0.999999
29.575000 0.999999
29.625000 0.999999
29.675000 0.999999
29.725000 0.999999
29.775000 0.999999
29.825000 0.999999
29.875000 0.999999
29.925000 0.999999
29.975000 0.999999
30.025000 0.999999
30.075000 0.999999
30.125000 0.999999
30.175000 0.999999
30.225000 0.999999
30.275000 0.999999
30.325000 0.999999
30.375000 0.999999
30.425000 0.999999
30.475000 0.999999
30.525000 0.999999
30.575000 0.999999
30.625000 0.999999
30.675000 0.999999
30.725000 0.999999
30.775000 0.999999
30.825000 0.999999
30.875000 0.999999
30.925000 0.999999
30.975000 0.999999
31.025000 0.999999
31.075000 0.999999
31.125000 0.999998
31.175000 0.999998
31.225000 0.999998
31.275000 0.999998
31.325000 0.999998
31.375000 0.999998
31.425000 0.999998
31.475000 0.999998
31.525000 0.999998
31.575000 0.999998
31.625000 0.999998
31.675000 0.999998
31.725000 0.999998
31.775000 0.999998
31.825000 0.999998
31.875000 0.999998
31.925000 0.999998
31.975000 0.999998
32.025000 0.999998
32.075000 0.999998
32.125000 0.999998
32.175000 0.999998
32.225000 0.999998
32.275000 0.999998
32.325000 0.999998
32.375000 0.999998
32.425000 0.999998
32.475000 0.999998
32.525000 0.999998
32.575000 0.999997
32.625000 0.999997
32.675000 0.999997
32.725000 0.999997
32.775000 0.999997
32.825000 0.999997
32.875000 0.999997
32.925000 0.999997
32.975000 0.999997
33.025000 0.999997
33.075000 0.999997
33.125000 0.999997
33.175000 0.999997
33.225000 0.999997
33.275000 0.999997
33.325000 0.999997
33.375000 0.999997
33.425000 0.999997
33.475000 0.999997
33.525000 0.999997
33.575000 0.999996
33.625000 0.999996
33.675000 0.999996
33.725000 0.999996
33.775000 0.999996
33.825000 0.999996
33.875000 0.999996
33.925000 0.999996
33.975000 0.999996
34.025000 0.999996
34.075000 0.999996
34.125000 0.999996
34.175000 0.999996
34.225000 0.999996
34.275000 0.999995
34.325000 0.999995
34.375000 0.999995
34.425000 0.999995
34.475000 0.999995
34.525000 0.999995
34.575000 0.999995
34.625000 0.999995
34.675000 0.999995
34.725000 0.999995
34.775000 0.999995
34.825000 0.999995
34.875000 0.999994
34.925000 0.999994
34.975000 0.999994
35.025000 0.999994
35.075000 0.999994
35.125000 0.999994
35.175000 0.999994
35.225000 0.999994
35.275000 0.999994
35.325000 0.999994
35.375000 0.999993
35.425000 0.999993
35.475000 0.999993
35.525000 0.999993
35.575000 0.999993
35.625000 0.999993
35.675000 0.999993
35.725000 0.999993
35.775000 0.999992
35.825000 0.999992
35.875000 0.999992
35.925000 0.999992
35.975000 0.999992
36.025000 0.999992
36.075000 0.999992
36.125000 0.999991
36.175000 0.999991
36.225000 0.999991
36.275000 0.999991
36.325000 0.999991
36.375000 0.999991
36.425000 0.999991
36.475000 0.999990
36.525000 0.999990
36.575000 0.999990
36.625000 0.999990
36.675000 0.999990
36.725000 0.999989
36.775000 0.999989
36.825000 0.999989
36.875000 0.999989
36.925000 0.999989
36.975000 0.999989
37.025000 0.999988
37.075000 0.999988
37.125000 0.999988
37.175000 0.999988
37.225000 0.999987
37.275000 0.999987
37.325000 0.999987
37.375000 0.999987
37.425000 0.999987
37.475000 0.999986
37.525000 0.999986
37.575000 0.999986
37.625000 0.999986
37.675000 0.999985
37.725000 0.999985
37.775000 0.999985
37.825000 0.999985
37.875000 0.999984
37.925000 0.999984
37.975000 0.999984
38.025000 0.999983
38.075000 0.999983
38.125000 0.999983
38.175000 0.999983
38.225000 0.999982
38.275000 0.999982
38.325000 0.999982
38.375000 0.999981
38.425000 0.999981
38.475000 0.999981
38.525000 0.999980
38.575000 0.999980
38.625000 0.999980
38.675000 0.999979
38.725000 0.999979
38.775000 0.999979
38.825000 0.999978
38.875000 0.999978
38.925000 0.999977
38.975000 0.999977
39.025000 0.999977
39.075000 0.999976
39.125000 0.999976
39.175000 0.999975
39.225000 0.999975
39.275000 0.999974
39.325000 0.999974
39.375000 0.999974
39.425000 0.999973
39.475000 0.999973
39.525000 0.999972
39.575000 0.999972
39.625000 0.999971
39.675000 0.999971
39.725000 0.999970
39.775000 0.999970
39.825000 0.999969
39.875000 0.999969
39.925000 0.999968
39.975000 0.999967
40.025000 0.999967
40.075000 0.999966
40.125000 0.999966
40.175000 0.999965
40.225000 0.999964
40.275000 0.999964
40.325000 0.999963
40.375000 0.999963
40.425000 0.999962
40.475000 0.999961
40.525000 0.999961
40.575000 0.999960
40.625000 0.999959
40.675000 0.999958
40.725000 0.999958
40.775000 0.999957
40.825000 0.999956
40.875000 0.999955
40.925000 0.999955
40.975000 0.999954
41.025000 0.999953
41.075000 0.999952
41.125000 0.999951
41.175000 0.999951
41.225000 0.999950
41.275000 0.999949
41.325000 0.999948
41.375000 0.999947
41.425000 0.999946
41.475000 0.999945
41.525000 0.999944
41.575000 0.999943
41.625000 0.999942
41.675000 0.999941
41.725000 0.999940
41.775000 0.999939
41.825000 0.999938
41.875000 0.999937
41.925000 0.999936
41.975000 0.999935
42.025000 0.999933
42.075000 0.999932
42.125000 0.999931
42.175000 0.999930
42.225000 0.999929
42.275000 0.999927
42.325000 0.999926
42.375000 0.999925
42.425000 0.999923
42.475000 0.999922
42.525000 0.999921
42.575000 0.999919
42.625000 0.999918
42.675000 0.999917
42.725000 0.999915
42.775000 0.999914
42.825000 0.999912
42.875000 0.999911
42.925000 0.999909
42.975000 0.999907
43.025000 0.999906
43.075000 0.999904
43.125000 0.999902
43.175000 0.999901
43.225000 0.999899
43.275000 0.999897
43.325000 0.999895
43.375000 0.999893
43.425000 0.999892
43.475000 0.999890
43.525000 0.999888
43.575000 0.999886
43.625000 0.999884
43.675000 0.999882
43.725000 0.999880
43.775000 0.999877
43.825000 0.999875
43.875000 0.999873
43.925000 0.999871
43.975000 0.999869
44.025000 0.999866
44.075000 0.999864
44.125000 0.999862
44.175000 0.999859
44.225000 0.999857
44.275000 0.999854
44.325000 0.999852
44.375000 0.999849
44.425000 0.999846
44.475000 0.999844
44.525000 0.999841
44.575000 0.999838
44.625000 0.999835
44.675000 0.999832
44.725000 0.999829
44.775000 0.999826
44.825000 0.999823
44.875000 0.999820
44.925000 0.999817
44.975000 0.999814
45.025000 0.999810
45.075000 0.999807
45.125000 0.999804
45.175000 0.999800
45.225000 0.999797
45.275000 0.999793
45.325000 0.999790
45.375000 0.999786
45.425000 0.999782
45.475000 0.999778
45.525000 0.999774
45.575000 0.999770
45.625000 0.999766
45.675000 0.999762
45.725000 0.999758
45.775000 0.999754
45.825000 0.999749
45.875000 0.999745
45.925000 0.999741
45.975000 0.999736
46.025000 0.999731
46.075000 0.999727
46.125000 0.999722
46.175000 0.999717
46.225000 0.999712
46.275000 0.999707
46.325000 0.999702
46.375000 0.999696
46.425000 0.999691
46.475000 0.999686
46.525000 0.999680
46.575000 0.999674
46.625000 0.999669
46.675000 0.999663
46.725000 0.999657
46.775000 0.999651
46.825000 0.999645
46.875000 0.999638
46.925000 0.999632
46.975000 0.999626
47.025000 0.999619
47.075000 0.999612
47.125000 0.999605
47.175000 0.999598
47.225000 0.999591
47.275000 0.999584
47.325000 0.999577
47.375000 0.999569
47.425000 0.999562
47.475000 0.999554
47.525000 0.999546
47.575000 0.999538
47.625000 0.999530
47.675000 0.999522
47.725000 0.999513
47.775000 0.999505
47.825000 0.999496
47.875000 0.999487
47.925000 0.999478
47.975000 0.999469
48.025000 0.999460
48.075000 0.999450
48.125000 0.999440
48.175000 0.999430
48.225000 0.999420
48.275000 0.999410
48.325000 0.999400
48.375000 0.999389
48.425000 0.999378
48.475000 0.999367
48.525000 0.999356
48.575000 0.999345
48.625000 0.999333
48.675000 0.999322
48.725000 0.999310
48.775000 0.999298
48.825000 0.999285
48.875000 0.999273
48.925000 0.999260
48.975000 0.999247
49.025000 0.999233
49.075000 0.999220
49.125000 0.999206
49.175000 0.999192
49.225000 0.999178
49.275000 0.999163
49.325000 0.999149
49.375000 0.999134
49.425000 0.999118
49.475000 0.999103
49.525000 0.999087
49.575000 0.999071
49.625000 0.999054
49.675000 0.999038
49.725000 0.999021
49.775000 0.999004
49.825000 0.998986
49.875000 0.998968
49.925000 0.998950
49.975000 0.998931
50.025000 0.998913
50.075000 0.998893
50.125000 0.998874
50.175000 0.998854
50.225000 0.998834
50.275000 0.998813
50.325000 0.998792
50.375000 0.998771
50.425000 0.998749
50.475000 0.998727
50.525000 0.998705
50.575000 0.998682
50.625000 0.998659
50.675000 0.998635
50.725000 0.998611
50.775000 0.998587
50.825000 0.998562
50.875000 0.998536
50.925000 0.998510
50.975000 0.998484
51.025000 0.998457
51.075000 0.998430
51.125000 0.998403
51.175000 0.998374
51.225000 0.998346
51.275000 0.998317
51.325000 0.998287
51.375000 0.998257
51.425000 0.998226
51.475000 0.998195
51.525000 0.998163
51.575000 0.998130
51.625000 0.998098
51.675000 0.998064
51.725000 0.998030
51.775000 0.997995
51.825000 0.997960
51.875000 0.997924
51.925000 0.997887
51.975000 0.997850
52.025000 0.997812
52.075000 0.997773
52.125000 0.997734
52.175000 0.997694
52.225000 0.997654
52.275000 0.997612
52.325000 0.997570
52.375000 0.997527
52.425000 0.997484
52.475000 0.997439
52.525000 0.997394
52.575000 0.997348
52.625000 0.997302
52.675000 0.997254
52.725000 0.997206
52.775000 0.997156
52.825000 0.997106
52.875000 0.997055
52.925000 0.997003
52.975000 0.996951
53.025000 0.996897
53.075000 0.996842
53.125000 0.996787
53.175000 0.996730
53.225000 0.996672
53.275000 0.996614
53.325000 0.996554
53.375000 0.996493
53.425000 0.996432
53.475000 0.996369
53.525000 0.996305
53.575000 0.996240
53.625000 0.996174
53.675000 0.996106
53.725000 0.996038
53.775000 0.995968
53.825000 0.995897
53.875000 0.995825
53.925000 0.995751
53.975000 0.995676
54.025000 0.995600
54.075000 0.995523
54.125000 0.995444
54.175000 0.995364
54.225000 0.995282
54.275000 0.995199
54.325000 0.995114
54.375000 0.995028
54.425000 0.994941
54.475000 0.994852
54.525000 0.994761
54.575000 0.994669
54.625000 0.994575
54.675000 0.994480
54.725000 0.994383
54.775000 0.994284
54.825000 0.994183
54.875000 0.994081
54.925000 0.993977
54.975000 0.993871
55.025000 0.993763
55.075000 0.993654
55.125000 0.993542
55.175000 0.993429
55.225000 0.993313
55.275000 0.993196
55.325000 0.993076
55.375000 0.992954
55.425000 0.992831
55.475000 0.992705
55.525000 0.992576
55.575000 0.992446
55.625000 0.992313
55.675000 0.992178
55.725000 0.992041
55.775000 0.991901
55.825000 0.991759
55.875000 0.991614
55.925000 0.991467
55.975000 0.991317
56.025000 0.991165
56.075000 0.991010
56.125000 0.990852
56.175000 0.990692
56.225000 0.990528
56.275000 0.990362
56.325000 0.990193
56.375000 0.990021
56.425000 0.989846
56.475000 0.989668
56.525000 0.989487
56.575000 0.989303
56.625000 0.989116
56.675000 0.988925
56.725000 0.988731
56.775000 0.988533
56.825000 0.988333
56.875000 0.988128
56.925000 0.987921
56.975000 0.987709
57.025000 0.987494
57.075000 0.987275
57.125000 0.987053
57.175000 0.986826
57.225000 0.986596
57.275000 0.986361
57.325000 0.986123
57.375000 0.985880
57.425000 0.985634
57.475000 0.985383
57.525000 0.985127
57.575000 0.984867
57.625000 0.984603
57.675000 0.984334
57.725000 0.984061
57.775000 0.983783
57.825000 0.983500
57.875000 0.983212
57.925000 0.982919
57.975000 0.982622
58.025000 0.982319
58.075000 0.982011
58.125000 0.981697
58.175000 0.981378
58.225000 0.981054
58.275000 0.980724
58.325000 0.980389
58.375000 0.980048
58.425000 0.979701
58.475000 0.979348
58.525000 0.978989
58.575000 0.978623
58.625000 0.978252
58.675000 0.977874
58.725000 0.977490
58.775000 0.977099
58.825000 0.976702
58.875000 0.976298
58.925000 0.975887
58.975000 0.975469
59.025000 0.975044
59.075000 0.974612
59.125000 0.974172
59.175000 0.973725
59.225000 0.973270
59.275000 0.972808
59.325000 0.972338
59.375000 0.971860
59.425000 0.971374
59.475000 0.970879
59.525000 0.970376
59.575000 0.969865
59.625000 0.969345
59.675000 0.968817
59.725000 0.968280
59.775000 0.967733
59.825000 0.967178
59.875000 0.966613
59.925000 0.966038
59.975000 0.965455
60.025000 0.964861
60.075000 0.964257
60.125000 0.963644
60.175000 0.963020
60.225000 0.962386
60.275000 0.961741
60.325000 0.961086
60.375000 0.960419
60.425000 0.959742
60.475000 0.959053
60.525000 0.958354
60.575000 0.957642
60.625000 0.956919
60.675000 0.956184
60.725000 0.955437
60.775000 0.954678
60.825000 0.953906
60.875000 0.953121
60.925000 0.952324
60.975000 0.951514
61.025000 0.950690
61.075000 0.949854
61.125000 0.949003
61.175000 0.948139
61.225000 0.947261
61.275000 0.946368
61.325000 0.945461
61.375000 0.944540
61.425000 0.943604
61.475000 0.942653
61.525000 0.941686
61.575000 0.940704
61.625000 0.939706
61.675000 0.938693
61.725000 0.937663
61.775000 0.936617
61.825000 0.935554
61.875000 0.934475
61.925000 0.933378
61.975000 0.932264
62.025000 0.931133
62.075000 0.929984
62.125000 0.928817
62.175000 0.927631
62.225000 0.926428
62.275000 0.925205
62.325000 0.923964
62.375000 0.922703
62.425000 0.921423
62.475000 0.920123
62.525000 0.918803
62.575000 0.917463
62.625000 0.916102
62.675000 0.914721
62.725000 0.913318
62.775000 0.911895
62.825000 0.910450
62.875000 0.908983
62.925000 0.907494
62.975000 0.905982
63.025000 0.904448
63.075000 0.902891
63.125000 0.901312
63.175000 0.899708
63.225000 0.898081
63.275000 0.896430
63.325000 0.894755
63.375000 0.893055
63.425000 0.891331
63.475000 0.889582
63.525000 0.887807
63.575000 0.886007
63.625000 0.884181
63.675000 0.882328
63.725000 0.880450
63.775000 0.878545
63.825000 0.876613
63.875000 0.874653
63.925000 0.872666
63.975000 0.870652
64.025000 0.868610
64.075000 0.866539
64.125000 0.864440
64.175000 0.862312
64.225000 0.860155
64.275000 0.857969
64.325000 0.855753
64.375000 0.853507
64.425000 0.851232
64.475000 0.848926
64.525000 0.846590
64.575000 0.844223
64.625000 0.841825
64.675000 0.839396
64.725000 0.836935
64.775000 0.834443
64.825000 0.831919
64.875000 0.829363
64.925000 0.826774
64.975000 0.824153
65.025000 0.821500
65.075000 0.818813
65.125000 0.816094
65.175000 0.813341
65.225000 0.810555
65.275000 0.807736
65.325000 0.804882
65.375000 0.801995
65.425000 0.799074
65.475000 0.796119
65.525000 0.793129
65.575000 0.790105
65.625000 0.787047
65.675000 0.783954
65.725000 0.780827
65.775000 0.777664
65.825000 0.774467
65.875000 0.771235
65.925000 0.767968
65.975000 0.764666
66.025000 0.761329
66.075000 0.757958
66.125000 0.754551
66.175000 0.751109
66.225000 0.747632
66.275000 0.744120
66.325000 0.740574
66.375000 0.736992
66.425000 0.733376
66.475000 0.729725
66.525000 0.726040
66.575000 0.722320
66.625000 0.718565
66.675000 0.714777
66.725000 0.710954
66.775000 0.707098
66.825000 0.703208
66.875000 0.699285
66.925000 0.695328
66.975000 0.691338
67.025000 0.687316
67.075000 0.683261
67.125000 0.679174
67.175000 0.675055
67.225000 0.670904
67.275000 0.666722
67.325000 0.662510
67.375000 0.658266
67.425000 0.653993
67.475000 0.649690
67.525000 0.645358
67.575000 0.640996
67.625000 0.636607
67.675000 0.632189
67.725000 0.627744
67.775000 0.623272
67.825000 0.618774
67.875000 0.614249
67.925000 0.609700
67.975000 0.605126
68.025000 0.600527
68.075000 0.595905
68.125000 0.591261
68.175000 0.586594
68.225000 0.581905
68.275000 0.577196
68.325000 0.572466
68.375000 0.567717
68.425000 0.562949
68.475000 0.558163
68.525000 0.553360
68.575000 0.548540
68.625000 0.543705
68.675000 0.538855
68.725000 0.533990
68.775000 0.529113
68.825000 0.524223
68.875000 0.519321
68.925000 0.514409
68.975000 0.509487
69.025000 0.504555
69.075000 0.499616
69.125000 0.494670
69.175000 0.489717
69.225000 0.484759
69.275000 0.479797
69.325000 0.474831
69.375000 0.469862
69.425000 0.464892
69.475000 0.459921
69.525000 0.454951
69.575000 0.449982
69.625000 0.445015
69.675000 0.440051
69.725000 0.435092
69.775000 0.430138
69.825000 0.425189
69.875000 0.420248
69.925000 0.415315
69.975000 0.410391
70.025000 0.405477
70.075000 0.400573
70.125000 0.395682
70.175000 0.390803
70.225000 0.385938
70.275000 0.381088
70.325000 0.376254
70.375000 0.371436
70.425000 0.366635
70.475000 0.361853
70.525000 0.357091
70.575000 0.352348
70.625000 0.347626
70.675000 0.342926
70.725000 0.338249
70.775000 0.333596
70.825000 0.328967
70.875000 0.324363
70.925000 0.319785
70.975000 0.315234
71.025000 0.310710
71.075000 0.306215
71.125000 0.301749
71.175000 0.297312
71.225000 0.292906
71.275000 0.288531
71.325000 0.284187
71.375000 0.279876
71.425000 0.275598
71.475000 0.271354
71.525000 0.267143
71.575000 0.262967
71.625000 0.258827
71.675000 0.254722
71.725000 0.250654
71.775000 0.246622
71.825000 0.242627
71.875000 0.238670
71.925000 0.234751
71.975000 0.230871
72.025000 0.227029
72.075000 0.223226
72.125000 0.219463
72.175000 0.215739
72.225000 0.212056
72.275000 0.208412
72.325000 0.204809
72.375000 0.201247
72.425000 0.197726
72.475000 0.194245
72.525000 0.190806
72.575000 0.187408
72.625000 0.184052
72.675000 0.180737
72.725000 0.177464
72.775000 0.174232
72.825000 0.171043
72.875000 0.167894
72.925000 0.164788
72.975000 0.161723
73.025000 0.158700
73.075000 0.155718
73.125000 0.152778
73.175000 0.149879
73.225000 0.147021
73.275000 0.144205
73.325000 0.141429
73.375000 0.138694
73.425000 0.136001
73.475000 0.133347
73.525000 0.130734
73.575000 0.128161
73.625000 0.125627
73.675000 0.123134
73.725000 0.120679
73.775000 0.118264
73.825000 0.115887
73.875000 0.113549
73.925000 0.111250
73.975000 0.108988
74.025000 0.106764
74.075000 0.104577
74.125000 0.102427
74.175000 0.100314
74.225000 0.098237
74.275000 0.096195
74.325000 0.094190
74.375000 0.092220
74.425000 0.090284
74.475000 0.088383
74.525000 0.086516
74.575000 0.084683
74.625000 0.082883
74.675000 0.081116
74.725000 0.079382
74.775000 0.077679
74.825000 0.076009
74.875000 0.074369
74.925000 0.072761
74.975000 0.071183
75.025000 0.069635
75.075000 0.068117
75.125000 0.066628
75.175000 0.065168
75.225000 0.063736
75.275000 0.062332
75.325000 0.060956
75.375000 0.059608
75.425000 0.058286
75.475000 0.056990
75.525000 0.055720
75.575000 0.054476
75.625000 0.053257
75.675000 0.052063
75.725000 0.050894
75.775000 0.049748
75.825000 0.048626
75.875000 0.047527
75.925000 0.046450
75.975000 0.045397
76.025000 0.044365
76.075000 0.043355
76.125000 0.042366
76.175000 0.041398
76.225000 0.040450
76.275000 0.039523
76.325000 0.038615
76.375000 0.037727
76.425000 0.036858
76.475000 0.036008
76.525000 0.035176
76.575000 0.034362
76.625000 0.033565
76.675000 0.032786
76.725000 0.032025
76.775000 0.031279
76.825000 0.030551
76.875000 0.029838
76.925000 0.029141
76.975000 0.028459
77.025000 0.027793
77.075000 0.027141
77.125000 0.026504
77.175000 0.025881
77.225000 0.025272
77.275000 0.024677
77.325000 0.024095
77.375000 0.023527
77.425000 0.022971
77.475000 0.022427
77.525000 0.021897
77.575000 0.021378
77.625000 0.020871
77.675000 0.020375
77.725000 0.019891
77.775000 0.019418
77.825000 0.018956
77.875000 0.018504
77.925000 0.018063
77.975000 0.017632
78.025000 0.017211
78.075000 0.016800
78.125000 0.016398
78.175000 0.016005
78.225000 0.015622
78.275000 0.015248
78.325000 0.014882
78.375000 0.014525
78.425000 0.014176
78.475000 0.013835
78.525000 0.013502
78.575000 0.013177
78.625000 0.012860
78.675000 0.012550
78.725000 0.012248
78.775000 0.011952
78.825000 0.011664
78.875000 0.011382
78.925000 0.011107
78.975000 0.010839
79.025000 0.010577
79.075000 0.010321
79.125000 0.010071
79.175000 0.009827
79.225000 0.009589
79.275000 0.009357
79.325000 0.009130
79.375000 0.008908
79.425000 0.008692
79.475000 0.008481
79.525000 0.008275
79.575000 0.008074
79.625000 0.007878
79.675000 0.007686
79.725000 0.007499
79.775000 0.007317
79.825000 0.007139
79.875000 0.006965
79.925000 0.006795
79.975000 0.006629
80.025000 0.006468
80.075000 0.006310
80.125000 0.006156
80.175000 0.006006
80.225000 0.005859
80.275000 0.005716
80.325000 0.005577
80.375000 0.005441
80.425000 0.005308
80.475000 0.005178
80.525000 0.005051
80.575000 0.004928
80.625000 0.004807
80.675000 0.004690
80.725000 0.004575
80.775000 0.004463
80.825000 0.004354
80.875000 0.004247
80.925000 0.004143
80.975000 0.004042
81.025000 0.003943
81.075000 0.003846
81.125000 0.003752
81.175000 0.003660
81.225000 0.003570
81.275000 0.003483
81.325000 0.003397
81.375000 0.003314
81.425000 0.003233
81.475000 0.003153
81.525000 0.003076
81.575000 0.003001
81.625000 0.002927
81.675000 0.002855
81.725000 0.002785
81.775000 0.002717
81.825000 0.002650
81.875000 0.002585
81.925000 0.002521
81.975000 0.002459
82.025000 0.002399
82.075000 0.002340
82.125000 0.002282
82.175000 0.002226
82.225000 0.002172
82.275000 0.002118
82.325000 0.002066
82.375000 0.002015
82.425000 0.001966
82.475000 0.001917
82.525000 0.001870
82.575000 0.001824
82.625000 0.001779
82.675000 0.001736
82.725000 0.001693
82.775000 0.001651
82.825000 0.001611
82.875000 0.001571
82.925000 0.001532
82.975000 0.001495
83.025000 0.001458
83.075000 0.001422
83.125000 0.001387
83.175000 0.001353
83.225000 0.001319
83.275000 0.001287
83.325000 0.001255
83.375000 0.001224
83.425000 0.001194
83.475000 0.001165
83.525000 0.001136
83.575000 0.001108
83.625000 0.001081
83.675000 0.001054
83.725000 0.001028
83.775000 0.001003
83.825000 0.000978
83.875000 0.000954
83.925000 0.000931
83.975000 0.000908
84.025000 0.000885
84.075000 0.000863
84.125000 0.000842
84.175000 0.000821
84.225000 0.000801
84.275000 0.000781
84.325000 0.000762
84.375000 0.000743
84.425000 0.000725
84.475000 0.000707
84.525000 0.000690
84.575000 0.000673
84.625000 0.000656
84.675000 0.000640
84.725000 0.000624
84.775000 0.000609
84.825000 0.000594
84.875000 0.000579
84.925000 0.000565
84.975000 0.000551
85.025000 0.000537
85.075000 0.000524
85.125000 0.000511
85.175000 0.000499
85.225000 0.000486
85.275000 0.000474
85.325000 0.000463
85.375000 0.000451
85.425000 0.000440
85.475000 0.000429
85.525000 0.000419
85.575000 0.000408
85.625000 0.000398
85.675000 0.000388
85.725000 0.000379
85.775000 0.000369
85.825000 0.000360
85.875000 0.000351
85.925000 0.000343
85.975000 0.000334
86.025000 0.000326
86.075000 0.000318
86.125000 0.000310
86.175000 0.000302
86.225000 0.000295
86.275000 0.000288
86.325000 0.000281
86.375000 0.000274
86.425000 0.000267
86.475000 0.000260
86.525000 0.000254
86.575000 0.000248
86.625000 0.000242
86.675000 0.000236
86.725000 0.000230
86.775000 0.000224
86.825000 0.000219
86.875000 0.000213
86.925000 0.000208
86.975000 0.000203
87.025000 0.000198
87.075000 0.000193
87.125000 0.000188
87.175000 0.000184
87.225000 0.000179
87.275000 0.000175
87.325000 0.000170
87.375000 0.000166
87.425000 0.000162
87.475000 0.000158
87.525000 0.000154
87.575000 0.000150
87.625000 0.000147
87.675000 0.000143
87.725000 0.000139
87.775000 0.000136
87.825000 0.000133
87.875000 0.000129
87.925000 0.000126
87.975000 0.000123
88.025000 0.000120
88.075000 0.000117
88.125000 0.000114
88.175000 0.000111
88.225000 0.000109
88.275000 0.000106
88.325000 0.000103
88.375000 0.000101
88.425000 0.000098
88.475000 0.000096
88.525000 0.000093
88.575000 0.000091
88.625000 0.000089
88.675000 0.000087
88.725000 0.000085
88.775000 0.000082
88.825000 0.000080
88.875000 0.000078
88.925000 0.000077
88.975000 0.000075
89.025000 0.000073
89.075000 0.000071
89.125000 0.000069
89.175000 0.000068
89.225000 0.000066
89.275000 0.000064
89.325000 0.000063
89.375000 0.000061
89.425000 0.000060
89.475000 0.000058
89.525000 0.000057
89.575000 0.000055
89.625000 0.000054
89.675000 0.000053
89.725000 0.000051
89.775000 0.000050
89.825000 0.000049
89.875000 0.000048
89.925000 0.000046
89.975000 0.000045
90.025000 0.000044
90.075000 0.000043
90.125000 0.000042
90.175000 0.000041
90.225000 0.000040
90.275000 0.000039
90.325000 0.000038
90.375000 0.000037
90.425000 0.000036
90.475000 0.000035
90.525000 0.000034
90.575000 0.000034
90.625000 0.000033
90.675000 0.000032
90.725000 0.000031
90.775000 0.000030
90.825000 0.000030
90.875000 0.000029
90.925000 0.000028
90.975000 0.000027
91.025000 0.000027
91.075000 0.000026
91.125000 0.000025
91.175000 0.000025
91.225000 0.000024
91.275000 0.000024
91.325000 0.000023
91.375000 0.000022
91.425000 0.000022
91.475000 0.000021
91.525000 0.000021
91.575000 0.000020
91.625000 0.000020
91.675000 0.000019
91.725000 0.000019
91.775000 0.000018
91.825000 0.000018
91.875000 0.000018
91.925000 0.000017
91.975000 0.000017
92.025000 0.000016
92.075000 0.000016
92.125000 0.000015
92.175000 0.000015
92.225000 0.000015
92.275000 0.000014
92.325000 0.000014
92.375000 0.000014
92.425000 0.000013
92.475000 0.000013
92.525000 0.000013
92.575000 0.000012
92.625000 0.000012
92.675000 0.000012
92.725000 0.000011
92.775000 0.000011
92.825000 0.000011
92.875000 0.000011
92.925000 0.000010
92.975000 0.000010
93.025000 0.000010
93.075000 0.000010
93.125000 0.000009
93.175000 0.000009
93.225000 0.000009
93.275000 0.000009
93.325000 0.000008
93.375000 0.000008
93.425000 0.000008
93.475000 0.000008
93.525000 0.000008
93.575000 0.000007
93.625000 0.000007
93.675000 0.000007
93.725000 0.000007
93.775000 0.000007
93.825000 0.000007
93.875000 0.000006
93.925000 0.000006
93.975000 0.000006
94.025000 0.000006
94.075000 0.000006
94.125000 0.000006
94.175000 0.000006
94.225000 0.000005
94.275000 0.000005
94.325000 0.000005
94.375000 0.000005
94.425000 0.000005
94.475000 0.000005
94.525000 0.000005
94.575000 0.000005
94.625000 0.000004
94.675000 0.000004
94.725000 0.000004
94.775000 0.000004
94.825000 0.000004
94.875000 0.000004
94.925000 0.000004
94.975000 0.000004
95.025000 0.000004
95.075000 0.000004
95.125000 0.000003
95.175000 0.000003
95.225000 0.000003
95.275000 0.000003
95.325000 0.000003
95.375000 0.000003
95.425000 0.000003
95.475000 0.000003
95.525000 0.000003
95.575000 0.000003
95.625000 0.000003
95.675000 0.000003
95.725000 0.000003
95.775000 0.000002
95.825000 0.000002
95.875000 0.000002
95.925000 0.000002
95.975000 0.000002
96.025000 0.000002
96.075000 0.000002
96.125000 0.000002
96.175000 0.000002
96.225000 0.000002
96.275000 0.000002
96.325000 0.000002
96.375000 0.000002
96.425000 0.000002
96.475000 0.000002
96.525000 0.000002
96.575000 0.000002
96.625000 0.000002
96.675000 0.000002
96.725000 0.000002
96.775000 0.000002
96.825000 0.000001
96.875000 0.000001
96.925000 0.000001
96.975000 0.000001
97.025000 0.000001
97.075000 0.000001
97.125000 0.000001
97.175000 0.000001
97.225000 0.000001
97.275000 0.000001
97.325000 0.000001
97.375000 0.000001
97.425000 0.000001
97.475000 0.000001
97.525000 0.000001
97.575000 0.000001
97.625000 0.000001
97.675000 0.000001
97.725000 0.000001
97.775000 0.000001
97.825000 0.000001
97.875000 0.000001
97.925000 0.000001
97.975000 0.000001
98.025000 0.000001
98.075000 0.000001
98.125000 0.000001
98.175000 0.000001
98.225000 0.000001
98.275000 0.000001
98.325000 0.000001
98.375000 0.000001
98.425000 0.000001
98.475000 0.000001
98.525000 0.000001
98.575000 0.000001
98.625000 0.000001
98.675000 0.000001
98.725000 0.000001
98.775000 0.000001
98.825000 0.000001
98.875000 0.000001
98.925000 0.000001
98.975000 0.000001
99.025000 0.000000
99.075000 0.000000
99.125000 0.000000
99.175000 0.000000
99.225000 0.000000
99.275000 0.000000
99.325000 0.000000
99.375000 0.000000
99.425000 0.000000
99.475000 0.000000
99.525000 0.000000
99.575000 0.000000
99.625000 0.000000
99.675000 0.000000
99.725000 0.000000
99.775000 0.000000
99.825000 0.000000
99.875000 0.000000
99.925000 0.000000
99.975000 0.000000
100.025000 0.000000
100.075000 0.000000
100.125000 0.000000
100.175000 0.000000
100.225000 0.000000
100.275000 0.000000
100.325000 0.000000
100.375000 0.000000
100.425000 0.000000
100.475000 0.000000
100.525000 0.000000
100.575000 0.000000
100.625000 0.000000
100.675000 0.000000
100.725000 0.000000
100.775000 0.000000
100.825000 0.000000
100.875000 0.000000
100.925000 0.000000
100.975000 0.000000
101.025000 0.000000
101.075000 0.000000
101.125000 0.000000
101.175000 0.000000
101.225000 0.000000
101.275000 0.000000
101.325000 0.000000
101.375000 0.000000
101.425000 0.000000
101.475000 0.000000
101.525000 0.000000
101.575000 0.000000
101.625000 0.000000
101.675000 0.000000
101.725000 0.000000
101.775000 0.000000
101.825000 0.000000
101.875000 0.000000
101.925000 0.000000
101.975000 0.000000
102.025000 0.000000
102.075000 0.000000
102.125000 0.000000
102.175000 0.000000
102.225000 0.000000
102.275000 0.000000
102.325000 0.000000
102.375000 0.000000
102.425000 0.000000
102.475000 0.000000
102.525000 0.000000
102.575000 0.000000
102.625000 0.000000
102.675000 0.000000
102.725000 0.000000
102.775000 0.000000
102.825000 0.000000
102.875000 0.000000
102.925000 0.000000
102.975000 0.000000
103.025000 0.000000
103.075000 0.000000
103.125000 0.000000
103.175000 0.000000
103.225000 0.000000
103.275000 0.000000
103.325000 0.000000
103.375000 0.000000
103.425000 0.000000
103.475000 0.000000
103.525000 0.000000
103.575000 0.000000
103.625000 0.000000
103.675000 0.000000
103.725000 0.000000
103.775000 0.000000
103.825000 0.000000
103.875000 0.000000
103.925000 0.000000
103.975000 0.000000
104.025000 0.000000
104.075000 0.000000
104.125000 0.000000
104.175000 0.000000
104.225000 0.000000
104.275000 0.000000
104.325000 0.000000
104.375000 0.000000
104.425000 0.000000
104.475000 0.000000
104.525000 0.000000
104.575000 0.000000
104.625000 0.000000
104.675000 0.000000
104.725000 0.000000
104.775000 0.000000
104.825000 0.000000
104.875000 0.000000
104.925000 0.000000
104.975000 0.000000
105.025000 0.000000
105.075000 0.000000
105.125000 0.000000
105.175000 0.000000
105.225000 0.000000
105.275000 0.000000
105.325000 0.000000
105.375000 0.000000
105.425000 0.000000
105.475000 0.000000
105.525000 0.000000
105.575000 0.000000
105.625000 0.000000
105.675000 0.000000
105.725000 0.000000
105.775000 0.000000
105.825000 0.000000
105.875000 0.000000
105.925000 0.000000
105.975000 0.000000
106.025000 0.000000
106.075000 0.000000
106.125000 0.000000
106.175000 0.000000
106.225000 0.000000
106.275000 0.000000
106.325000 0.000000
106.375000 0.000000
106.425000 0.000000
106.475000 0.000000
106.525000 0.000000
106.575000 0.000000
106.625000 0.000000
106.675000 0.000000
106.725000 0.000000
106.775000 0.000000
106.825000 0.000000
106.875000 0.000000
106.925000 0.000000
106.975000 0.000000
107.025000 0.000000
107.075000 0.000000
107.125000 0.000000
107.175000 0.000000
107.225000 0.000000
107.275000 0.000000
107.325000 0.000000
107.375000 0.000000
107.425000 0.000000
107.475000 0.000000
107.525000 0.000000
107.575000 0.000000
107.625000 0.000000
107.675000 0.000000
107.725000 0.000000
107.775000 0.000000
107.825000 0.000000
107.875000 0.000000
107.925000 0.000000
107.975000 0.000000
108.025000 0.000000
108.075000 0.000000
108.125000 0.000000
108.175000 0.000000
108.225000 0.000000
108.275000 0.000000
108.325000 0.000000
108.375000 0.000000
108.425000 0.000000
108.475000 0.000000
108.525000 0.000000
108.575000 0.000000
108.625000 0.000000
108.675000 0.000000
108.725000 0.000000
108.775000 0.000000
108.825000 0.000000
108.875000 0.000000
108.925000 0.000000
108.975000 0.000000
109.025000 0.000000
109.075000 0.000000
109.125000 0.000000
109.175000 0.000000
109.225000 0.000000
109.275000 0.000000
109.325000 0.000000
109.375000 0.000000
109.425000 0.000000
109.475000 0.000000
109.525000 0.000000
109.575000 0.000000
109.625000 0.000000
109.675000 0.000000
109.725000 0.000000
109.775000 0.000000
109.825000 0.000000
109.875000 0.000000
109.925000 0.000000
109.975000 0.000000
110.025000 0.000000
110.075000 0.000000
110.125000 0.000000
110.175000 0.000000
110.225000 0.000000
110.275000 0.000000
110.325000 0.000000
110.375000 0.000000
110.425000 0.000000
110.475000 0.000000
110.525000 0.000000
110.575000 0.000000
110.625000 0.000000
110.675000 0.000000
110.725000 0.000000
110.775000 0.000000
110.825000 0.000000
110.875000 0.000000
110.925000 0.000000
110.975000 0.000000
111.025000 0.000000
111.075000 0.000000
111.125000 0.000000
111.175000 0.000000
111.225000 0.000000
111.275000 0.000000
111.325000 0.000000
111.375000 0.000000
111.425000 0.000000
111.475000 0.000000
111.525000 0.000000
111.575000 0.000000
111.625000 0.000000
111.675000 0.000000
111.725000 0.000000
111.775000 0.000000
111.825000 0.000000
111.875000 0.000000
111.925000 0.000000
111.975000 0.000000
112.025000 0.000000
112.075000 0.000000
112.125000 0.000000
112.175000 0.000000
112.225000 0.000000
112.275000 0.000000
112.325000 0.000000
112.375000 0.000000
112.425000 0.000000
112.475000 0.000000
112.525000 0.000000
112.575000 0.000000
112.625000 0.000000
112.675000 0.000000
112.725000 0.000000
112.775000 0.000000
112.825000 0.000000
112.875000 0.000000
112.925000 0.000000
112.975000 0.000000
113.025000 0.000000
113.075000 0.000000
113.125000 0.000000
113.175000 0.000000
113.225000 0.000000
113.275000 0.000000
113.325000 0.000000
113.375000 0.000000
113.425000 0.000000
113.475000 0.000000
113.525000 0.000000
113.575000 0.000000
113.625000 0.000000
113.675000 0.000000
113.725000 0.000000
113.775000 0.000000
113.825000 0.000000
113.875000 0.000000
113.925000 0.000000
113.975000 0.000000
114.025000 0.000000
114.075000 0.000000
114.125000 0.000000
114.175000 0.000000
114.225000 0.000000
114.275000 0.000000
114.325000 0.000000
114.375000 0.000000
114.425000 0.000000
114.475000 0.000000
114.525000 0.000000
114.575000 0.000000
114.625000 0.000000
114.675000 0.000000
114.725000 0.000000
114.775000 0.000000
114.825000 0.000000
114.875000 0.000000
114.925000 0.000000
114.975000 0.000000
115.025000 0.000000
115.075000 0.000000
115.125000 0.000000
115.175000 0.000000
115.225000 0.000000
115.275000 0.000000
115.325000 0.000000
115.375000 0.000000
115.425000 0.000000
115.475000 0.000000
115.525000 0.000000
115.575000 0.000000
115.625000 0.000000
115.675000 0.000000
115.725000 0.000000
115.775000 0.000000
115.825000 0.000000
115.875000 0.000000
115.925000 0.000000
115.975000 0.000000
116.025000 0.000000
116.075000 0.000000
116.125000 0.000000
116.175000 0.000000
116.225000 0.000000
116.275000 0.000000
116.325000 0.000000
116.375000 0.000000
116.425000 0.000000
116.475000 0.000000
116.525000 0.000000
116.575000 0.000000
116.625000 0.000000
116.675000 0.000000
116.725000 0.000000
116.775000 0.000000
116.825000 0.000000
116.875000 0.000000
116.925000 0.000000
116.975000 0.000000
117.025000 0.000000
117.075000 0.000000
117.125000 0.000000
117.175000 0.000000
117.225000 0.000000
117.275000 0.000000
117.325000 0.000000
117.375000 0.000000
117.425000 0.000000
117.475000 0.000000
117.525000 0.000000
117.575000 0.000000
117.625000 0.000000
117.675000 0.000000
117.725000 0.000000
117.775000 0.000000
117.825000 0.000000
117.875000 0.000000
117.925000 0.000000
117.975000 0.000000
118.025000 0.000000
118.075000 0.000000
118.125000 0.000000
118.175000 0.000000
118.225000 0.000000
118.275000 0.000000
118.325000 0.000000
118.375000 0.000000
118.425000 0.000000
118.475000 0.000000
118.525000 0.000000
118.575000 0.000000
118.625000 0.000000
118.675000 0.000000
118.725000 0.000000
118.775000 0.000000
118.825000 0.000000
118.875000 0.000000
118.925000 0.000000
118.975000 0.000000
119.025000 0.000000
119.075000 0.000000
119.125000 0.000000
119.175000 0.000000
119.225000 0.000000
119.275000 0.000000
119.325000 0.000000
119.375000 0.000000
119.425000 0.000000
119.475000 0.000000
119.525000 0.000000
119.575000 0.000000
119.625000 0.000000
119.675000 0.000000
119.725000 0.000000
119.775000 0.000000
119.825000 0.000000
119.875000 0.000000
119.925000 0.000000
119.975000 0.000000
120.025000 0.000000
120.075000 0.000000
120.125000 0.000000
120.175000 0.000000
120.225000 0.000000
120.275000 0.000000
120.325000 0.000000
120.375000 0.000000
120.425000 0.000000
120.475000 0.000000
120.525000 0.000000
120.575000 0.000000
120.625000 0.000000
120.675000 0.000000
120.725000 0.000000
120.775000 0.000000
120.825000 0.000000
120.875000 0.000000
120.925000 0.000000
120.975000 0.000000
121.025000 0.000000
121.075000 0.000000
121.125000 0.000000
121.175000 0.000000
121.225000 0.000000
121.275000 0.000000
121.325000 0.000000
121.375000 0.000000
121.425000 0.000000
121.475000 0.000000
121.525000 0.000000
121.575000 0.000000
121.625000 0.000000
121.675000 0.000000
121.725000 0.000000
121.775000 0.000000
121.825000 0.000000
121.875000 0.000000
121.925000 0.000000
121.975000 0.000000
122.025000 0.000000
122.075000 0.000000
122.125000 0.000000
122.175000 0.000000
122.225000 0.000000
122.275000 0.000000
122.325000 0.000000
122.375000 0.000000
122.425000 0.000000
122.475000 0.000000
122.525000 0.000000
122.575000 0.000000
122.625000 0.000000
122.675000 0.000000
122.725000 0.000000
122.775000 0.000000
122.825000 0.000000
122.875000 0.000000
122.925000 0.000000
122.975000 0.000000
123.025000 0.000000
123.075000 0.000000
123.125000 0.000000
123.175000 0.000000
123.225000 0.000000
123.275000 0.000000
123.325000 0.000000
123.375000 0.000000
123.425000 0.000000
123.475000 0.000000
123.525000 0.000000
123.575000 0.000000
123.625000 0.000000
123.675000 0.000000
123.725000 0.000000
123.775000 0.000000
123.825000 0.000000
123.875000 0.000000
123.925000 0.000000
123.975000 0.000000
124.025000 0.000000
124.075000 0.000000
124.125000 0.000000
124.175000 0.000000
124.225000 0.000000
124.275000 0.000000
124.325000 0.000000
124.375000 0.000000
124.425000 0.000000
124.475000 0.000000
124.525000 0.000000
124.575000 0.000000
124.625000 0.000000
124.675000 0.000000
124.725000 0.000000
124.775000 0.000000
124.825000 0.000000
124.875000 0.000000
124.925000 0.000000
124.975000 0.000000
125.025000 0.000000
125.075000 0.000000
125.125000 0.000000
125.175000 0.000000
125.225000 0.000000
125.275000 0.000000
125.325000 0.000000
125.375000 0.000000
125.425000 0.000000
125.475000 0.000000
125.525000 0.000000
125.575000 0.000000
125.625000 0.000000
125.675000 0.000000
125.725000 0.000000
125.775000 0.000000
125.825000 0.000000
125.875000 0.000000
125.925000 0.000000
125.975000 0.000000
126.025000 0.000000
126.075000 0.000000
126.125000 0.000000
126.175000 0.000000
126.225000 0.000000
126.275000 0.000000
126.325000 0.000000
126.375000 0.000000
126.425000 0.000000
126.475000 0.000000
126.525000 0.000000
126.575000 0.000000
126.625000 0.000000
126.675000 0.000000
126.725000 0.000000
126.775000 0.000000
126.825000 0.000000
126.875000 0.000000
126.925000 0.000000
126.975000 0.000000
127.025000 0.000000
127.075000 0.000000
127.125000 0.000000
127.175000 0.000000
127.225000 0.000000
127.275000 0.000000
127.325000 0.000000
127.375000 0.000000
127.425000 0.000000
127.475000 0.000000
127.525000 0.000000
127.575000 0.000000
127.625000 0.000000
127.675000 0.000000
127.725000 0.000000
127.775000 0.000000
127.825000 0.000000
127.875000 0.000000
127.925000 0.000000
127.975000 0.000000
128.025000 0.000000
128.075000 0.000000
128.125000 0.000000
128.175000 0.000000
128.225000 0.000000
128.275000 0.000000
128.325000 0.000000
128.375000 0.000000
128.425000 0.000000
128.475000 0.000000
128.525000 0.000000
128.575000 0.000000
128.625000 0.000000
128.675000 0.000000
128.725000 0.000000
128.775000 0.000000
128.825000 0.000000
128.875000 0.000000
128.925000 0.000000
128.975000 0.000000
129.025000 0.000000
129.075000 0.000000
129.125000 0.000000
129.175000 0.000000
129.225000 0.000000
129.275000 0.000000
129.325000 0.000000
129.375000 0.000000
129.425000 0.000000
129.475000 0.000000
129.525000 0.000000
129.575000 0.000000
129.625000 0.000000
129.675000 0.000000
129.725000 0.000000
129.775000 0.000000
129.825000 0.000000
129.875000 0.000000
129.925000 0.000000
129.975000 0.000000
130.025000 0.000000
130.075000 0.000000
130.125000 0.000000
130.175000 0.000000
130.225000 0.000000
130.275000 0.000000
130.325000 0.000000
130.375000 0.000000
130.425000 0.000000
130.475000 0.000000
130.525000 0.000000
130.575000 0.000000
130.625000 0.000000
130.675000 0.000000
130.725000 0.000000
130.775000 0.000000
130.825000 0.000000
130.875000 0.000000
130.925000 0.000000
130.975000 0.000000
131.025000 0.000000
131.075000 0.000000
131.125000 0.000000
131.175000 0.000000
131.225000 0.000000
131.275000 0.000000
131.325000 0.000000
131.375000 0.000000
131.425000 0.000000
131.475000 0.000000
131.525000 0.000000
131.575000 0.000000
131.625000 0.000000
131.675000 0.000000
131.725000 0.000000
131.775000 0.000000
131.825000 0.000000
131.875000 0.000000
131.925000 0.000000
131.975000 0.000000
132.025000 0.000000
132.075000 0.000000
132.125000 0.000000
132.175000 0.000000
132.225000 0.000000
132.275000 0.000000
132.325000 0.000000
132.375000 0.000000
132.425000 0.000000
132.475000 0.000000
132.525000 0.000000
132.575000 0.000000
132.625000 0.000000
132.675000 0.000000
132.725000 0.000000
132.775000 0.000000
132.825000 0.000000
132.875000 0.000000
132.925000 0.000000
132.975000 0.000000
133.025000 0.000000
133.075000 0.000000
133.125000 0.000000
133.175000 0.000000
133.225000 0.000000
133.275000 0.000000
133.325000 0.000000
133.375000 0.000000
133.425000 0.000000
133.475000 0.000000
133.525000 0.000000
133.575000 0.000000
133.625000 0.000000
133.675000 0.000000
133.725000 0.000000
133.775000 0.000000
133.825000 0.000000
133.875000 0.000000
133.925000 0.000000
133.975000 0.000000
134.025000 0.000000
134.075000 0.000000
134.125000 0.000000
134.175000 0.000000
134.225000 0.000000
134.275000 0.000000
134.325000 0.000000
134.375000 0.000000
134.425000 0.000000
134.475000 0.000000
134.525000 0.000000
134.575000 0.000000
134.625000 0.000000
134.675000 0.000000
134.725000 0.000000
134.775000 0.000000
134.825000 0.000000
134.875000 0.000000
134.925000 0.000000
134.975000 0.000000
135.025000 0.000000
135.075000 0.000000
135.125000 0.000000
135.175000 0.000000
135.225000 0.000000
135.275000 0.000000
135.325000 0.000000
135.375000 0.000000
135.425000 0.000000
135.475000 0.000000
135.525000 0.000000
135.575000 0.000000
135.625000 0.000000
135.675000 0.000000
135.725000 0.000000
135.775000 0.000000
135.825000 0.000000
135.875000 0.000000
135.925000 0.000000
135.975000 0.000000
136.025000 0.000000
136.075000 0.000000
136.125000 0.000000
136.175000 0.000000
136.225000 0.000000
136.275000 0.000000
136.325000 0.000000
136.375000 0.000000
136.425000 0.000000
136.475000 0.000000
136.525000 0.000000
136.575000 0.000000
136.625000 0.000000
136.675000 0.000000
136.725000 0.000000
136.775000 0.000000
136.825000 0.000000
136.875000 0.000000
136.925000 0.000000
136.975000 0.000000
137.025000 0.000000
137.075000 0.000000
137.125000 0.000000
137.175000 0.000000
137.225000 0.000000
137.275000 0.000000
137.325000 0.000000
137.375000 0.000000
137.425000 0.000000
137.475000 0.000000
137.525000 0.000000
137.575000 0.000000
137.625000 0.000000
137.675000 0.000000
137.725000 0.000000
137.775000 0.000000
137.825000 0.000000
137.875000 0.000000
137.925000 0.000000
137.975000 0.000000
138.025000 0.000000
138.075000 0.000000
138.125000 0.000000
138.175000 0.000000
138.225000 0.000000
138.275000 0.000000
138.325000 0.000000
138.375000 0.000000
138.425000 0.000000
138.475000 0.000000
138.525000 0.000000
138.575000 0.000000
138.625000 0.000000
138.675000 0.000000
138.725000 0.000000
138.775000 0.000000
138.825000 0.000000
138.875000 0.000000
138.925000 0.000000
138.975000 0.000000
139.025000 0.000000
139.075000 0.000000
139.125000 0.000000
139.175000 0.000000
139.225000 0.000000
139.275000 0.000000
139.325000 0.000000
139.375000 0.000000
139.425000 0.000000
139.475000 0.000000
139.525000 0.000000
139.575000 0.000000
139.625000 0.000000
139.675000 0.000000
139.725000 0.000000
139.775000 0.000000
139.825000 0.000000
139.875000 0.000000
139.925000 0.000000
139.975000 0.000000
140.025000 0.000000
140.075000 0.000000
140.125000 0.000000
140.175000 0.000000
140.225000 0.000000
140.275000 0.000000
140.325000 0.000000
140.375000 0.000000
140.425000 0.000000
140.475000 0.000000
140.525000 0.000000
140.575000 0.000000
140.625000 0.000000
140.675000 0.000000
140.725000 0.000000
140.775000 0.000000
140.825000 0.000000
140.875000 0.000000
140.925000 0.000000
140.975000 0.000000
141.025000 0.000000
141.075000 0.000000
141.125000 0.000000
141.175000 0.000000
141.225000 0.000000
141.275000 0.000000
141.325000 0.000000
141.375000 0.000000
141.425000 0.000000
141.475000 0.000000
141.525000 0.000000
141.575000 0.000000
141.625000 0.000000
141.675000 0.000000
141.725000 0.000000
141.775000 0.000000
141.825000 0.000000
141.875000 0.000000
141.925000 0.000000
141.975000 0.000000
142.025000 0.000000
142.075000 0.000000
142.125000 0.000000
142.175000 0.000000
142.225000 0.000000
142.275000 0.000000
142.325000 0.000000
142.375000 0.000000
142.425000 0.000000
142.475000 0.000000
142.525000 0.000000
142.575000 0.000000
142.625000 0.000000
142.675000 0.000000
142.725000 0.000000
142.775000 0.000000
142.825000 0.000000
142.875000 0.000000
142.925000 0.000000
142.975000 0.000000
143.025000 0.000000
143.075000 0.000000
143.125000 0.000000
143.175000 0.000000
143.225000 0.000000
143.275000 0.000000
143.325000 0.000000
143.375000 0.000000
143.425000 0.000000
143.475000 0.000000
143.525000 0.000000
143.575000 0.000000
143.625000 0.000000
143.675000 0.000000
143.725000 0.000000
143.775000 0.000000
143.825000 0.000000
143.875000 0.000000
143.925000 0.000000
143.975000 0.000000
144.025000 0.000000
144.075000 0.000000
144.125000 0.000000
144.175000 0.000000
144.225000 0.000000
144.275000 0.000000
144.325000 0.000000
144.375000 0.000000
144.425000 0.000000
144.475000 0.000000
144.525000 0.000000
144.575000 0.000000
144.625000 0.000000
144.675000 0.000000
144.725000 0.000000
144.775000 0.000000
144.825000 0.000000
144.875000 0.000000
144.925000 0.000000
144.975000 0.000000
145.025000 0.000000
145.075000 0.000000
145.125000 0.000000
145.175000 0.000000
145.225000 0.000000
145.275000 0.000000
145.325000 0.000000
145.375000 0.000000
145.425000 0.000000
145.475000 0.000000
145.525000 0.000000
145.575000 0.000000
145.625000 0.000000
145.675000 0.000000
145.725000 0.000000
145.775000 0.000000
145.825000 0.000000
145.875000 0.000000
145.925000 0.000000
145.975000 0.000000
146.025000 0.000000
146.075000 0.000000
146.125000 0.000000
146.175000 0.000000
146.225000 0.000000
146.275000 0.000000
146.325000 0.000000
146.375000 0.000000
146.425000 0.000000
146.475000 0.000000
146.525000 0.000000
146.575000 0.000000
146.625000 0.000000
146.675000 0.000000
146.725000 0.000000
146.775000 0.000000
146.825000 0.000000
146.875000 0.000000
146.925000 0.000000
146.975000 0.000000
147.025000 0.000000
147.075000 0.000000
147.125000 0.000000
147.175000 0.000000
147.225000 0.000000
147.275000 0.000000
147.325000 0.000000
147.375000 0.000000
147.425000 0.000000
147.475000 0.000000
147.525000 0.000000
147.575000 0.000000
147.625000 0.000000
147.675000 0.000000
147.725000 0.000000
147.775000 0.000000
147.825000 0.000000
147.875000 0.000000
147.925000 0.000000
147.975000 0.000000
148.025000 0.000000
148.075000 0.000000
148.125000 0.000000
148.175000 0.000000
148.225000 0.000000
148.275000 0.000000
148.325000 0.000000
148.375000 0.000000
148.425000 0.000000
148.475000 0.000000
148.525000 0.000000
148.575000 0.000000
148.625000 0.000000
148.675000 0.000000
148.725000 0.000000
148.775000 0.000000
148.825000 0.000000
148.875000 0.000000
148.925000 0.000000
148.975000 0.000000
149.025000 0.000000
149.075000 0.000000
149.125000 0.000000
149.175000 0.000000
149.225000 0.000000
149.275000 0.000000
149.325000 0.000000
149.375000 0.000000
149.425000 0.000000
149.475000 0.000000
149.525000 0.000000
149.575000 0.000000
149.625000 0.000000
149.675000 0.000000
149.725000 0.000000
149.775000 0.000000
149.825000 0.000000
149.875000 0.000000
149.925000 0.000000
149.975000 0.000000
150.025000 0.000000
150.075000 0.000000
150.125000 0.000000
150.175000 0.000000
150.225000 0.000000
150.275000 0.000000
150.325000 0.000000
150.375000 0.000000
150.425000 0.000000
150.475000 0.000000
150.525000 0.000000
150.575000 0.000000
150.625000 0.000000
150.675000 0.000000
150.725000 0.000000
150.775000 0.000000
150.825000 0.000000
150.875000 0.000000
150.925000 0.000000
150.975000 0.000000
151.025000 0.000000
151.075000 0.000000
151.125000 0.000000
151.175000 0.000000
151.225000 0.000000
151.275000 0.000000
151.325000 0.000000
151.375000 0.000000
151.425000 0.000000
151.475000 0.000000
151.525000 0.000000
151.575000 0.000000
151.625000 0.000000
151.675000 0.000000
151.725000 0.000000
151.775000 0.000000
151.825000 0.000000
151.875000 0.000000
151.925000 0.000000
151.975000 0.000000
152.025000 0.000000
152.075000 0.000000
152.125000 0.000000
152.175000 0.000000
152.225000 0.000000
152.275000 0.000000
152.325000 0.000000
152.375000 0.000000
152.425000 0.000000
152.475000 0.000000
152.525000 0.000000
152.575000 0.000000
152.625000 0.000000
152.675000 0.000000
152.725000 0.000000
152.775000 0.000000
152.825000 0.000000
152.875000 0.000000
152.925000 0.000000
152.975000 0.000000
153.025000 0.000000
153.075000 0.000000
153.125000 0.000000
153.175000 0.000000
153.225000 0.000000
153.275000 0.000000
153.325000 0.000000
153.375000 0.000000
153.425000 0.000000
153.475000 0.000000
153.525000 0.000000
153.575000 0.000000
153.625000 0.000000
153.675000 0.000000
153.725000 0.000000
153.775000 0.000000
153.825000 0.000000
153.875000 0.000000
153.925000 0.000000
153.975000 0.000000
154.025000 0.000000
154.075000 0.000000
154.125000 0.000000
154.175000 0.000000
154.225000 0.000000
154.275000 0.000000
154.325000 0.000000
154.375000 0.000000
154.425000 0.000000
154.475000 0.000000
154.525000 0.000000
154.575000 0.000000
154.625000 0.000000
154.675000 0.000000
154.725000 0.000000
154.775000 0.000000
154.825000 0.000000
154.875000 0.000000
154.925000 0.000000
154.975000 0.000000
155.025000 0.000000
155.075000 0.000000
155.125000 0.000000
155.175000 0.000000
155.225000 0.000000
155.275000 0.000000
155.325000 0.000000
155.375000 0.000000
155.425000 0.000000
155.475000 0.000000
155.525000 0.000000
155.575000 0.000000
155.625000 0.000000
155.675000 0.000000
155.725000 0.000000
155.775000 0.000000
155.825000 0.000000
155.875000 0.000000
155.925000 0.000000
155.975000 0.000000
156.025000 0.000000
156.075000 0.000000
156.125000 0.000000
156.175000 0.000000
156.225000 0.000000
156.275000 0.000000
156.325000 0.000000
156.375000 0.000000
156.425000 0.000000
156.475000 0.000000
156.525000 0.000000
156.575000 0.000000
156.625000 0.000000
156.675000 0.000000
156.725000 0.000000
156.775000 0.000000
156.825000 0.000000
156.875000 0.000000
156.925000 0.000000
156.975000 0.000000
157.025000 0.000000
157.075000 0.000000
157.125000 0.000000
157.175000 0.000000
157.225000 0.000000
157.275000 0.000000
157.325000 0.000000
157.375000 0.000000
157.425000 0.000000
157.475000 0.000000
157.525000 0.000000
157.575000 0.000000
157.625000 0.000000
157.675000 0.000000
157.725000 0.000000
157.775000 0.000000
157.825000 0.000000
157.875000 0.000000
157.925000 0.000000
157.975000 0.000000
158.025000 0.000000
158.075000 0.000000
158.125000 0.000000
158.175000 0.000000
158.225000 0.000000
158.275000 0.000000
158.325000 0.000000
158.375000 0.000000
158.425000 0.000000
158.475000 0.000000
158.525000 0.000000
158.575000 0.000000
158.625000 0.000000
158.675000 0.000000
158.725000 0.000000
158.775000 0.000000
158.825000 0.000000
158.875000 0.000000
158.925000 0.000000
158.975000 0.000000
159.025000 0.000000
159.075000 0.000000
159.125000 0.000000
159.175000 0.000000
159.225000 0.000000
159.275000 0.000000
159.325000 0.000000
159.375000 0.000000
159.425000 0.000000
159.475000 0.000000
159.525000 0.000000
159.575000 0.000000
159.625000 0.000000
159.675000 0.000000
159.725000 0.000000
159.775000 0.000000
159.825000 0.000000
159.875000 0.000000
159.925000 0.000000
159.975000 0.000000
160.025000 0.000000
160.075000 0.000000
160.125000 0.000000
160.175000 0.000000
160.225000 0.000000
160.275000 0.000000
160.325000 0.000000
160.375000 0.000000
160.425000 0.000000
160.475000 0.000000
160.525000 0.000000
160.575000 0.000000
160.625000 0.000000
160.675000 0.000000
160.725000 0.000000
160.775000 0.000000
160.825000 0.000000
160.875000 0.000000
160.925000 0.000000
160.975000 0.000000
161.025000 0.000000
161.075000 0.000000
161.125000 0.000000
161.175000 0.000000
161.225000 0.000000
161.275000 0.000000
161.325000 0.000000
161.375000 0.000000
161.425000 0.000000
161.475000 0.000000
161.525000 0.000000
161.575000 0.000000
161.625000 0.000000
161.675000 0.000000
161.725000 0.000000
161.775000 0.000000
161.825000 0.000000
161.875000 0.000000
161.925000 0.000000
161.975000 0.000000
162.025000 0.000000
162.075000 0.000000
162.125000 0.000000
162.175000 0.000000
162.225000 0.000000
162.275000 0.000000
162.325000 0.000000
162.375000 0.000000
162.425000 0.000000
162.475000 0.000000
162.525000 0.000000
162.575000 0.000000
162.625000 0.000000
162.675000 0.000000
162.725000 0.000000
162.775000 0.000000
162.825000 0.000000
162.875000 0.000000
162.925000 0.000000
162.975000 0.000000
163.025000 0.000000
163.075000 0.000000
163.125000 0.000000
163.175000 0.000000
163.225000 0.000000
163.275000 0.000000
163.325000 0.000000
163.375000 0.000000
163.425000 0.000000
163.475000 0.000000
163.525000 0.000000
163.575000 0.000000
163.625000 0.000000
163.675000 0.000000
163.725000 0.000000
163.775000 0.000000
163.825000 0.000000
163.875000 0.000000
163.925000 0.000000
163.975000 0.000000
164.025000 0.000000
164.075000 0.000000
164.125000 0.000000
164.175000 0.000000
164.225000 0.000000
164.275000 0.000000
164.325000 0.000000
164.375000 0.000000
164.425000 0.000000
164.475000 0.000000
164.525000 0.000000
164.575000 0.000000
164.625000 0.000000
164.675000 0.000000
164.725000 0.000000
164.775000 0.000000
164.825000 0.000000
164.875000 0.000000
164.925000 0.000000
164.975000 0.000000
165.025000 0.000000
165.075000 0.000000
165.125000 0.000000
165.175000 0.000000
165.225000 0.000000
165.275000 0.000000
165.325000 0.000000
165.375000 0.000000
165.425000 0.000000
165.475000 0.000000
165.525000 0.000000
165.575000 0.000000
165.625000 0.000000
165.675000 0.000000
165.725000 0.000000
165.775000 0.000000
165.825000 0.000000
165.875000 0.000000
165.925000 0.000000
165.975000 0.000000
166.025000 0.000000
166.075000 0.000000
166.125000 0.000000
166.175000 0.000000
166.225000 0.000000
166.275000 0.000000
166.325000 0.000000
166.375000 0.000000
166.425000 0.000000
166.475000 0.000000
166.525000 0.000000
166.575000 0.000000
166.625000 0.000000
166.675000 0.000000
166.725000 0.000000
166.775000 0.000000
166.825000 0.000000
166.875000 0.000000
166.925000 0.000000
166.975000 0.000000
167.025000 0.000000
167.075000 0.000000
167.125000 0.000000
167.175000 0.000000
167.225000 0.000000
167.275000 0.000000
167.325000 0.000000
167.375000 0.000000
167.425000 0.000000
167.475000 0.000000
167.525000 0.000000
167.575000 0.000000
167.625000 0.000000
167.675000 0.000000
167.725000 0.000000
167.775000 0.000000
167.825000 0.000000
167.875000 0.000000
167.925000 0.000000
167.975000 0.000000
168.025000 0.000000
168.075000 0.000000
168.125000 0.000000
168.175000 0.000000
168.225000 0.000000
168.275000 0.000000
168.325000 0.000000
168.375000 0.000000
168.425000 0.000000
168.475000 0.000000
168.525000 0.000000
168.575000 0.000000
168.625000 0.000000
168.675000 0.000000
168.725000 0.000000
168.775000 0.000000
168.825000 0.000000
168.875000 0.000000
168.925000 0.000000
168.975000 0.000000
169.025000 0.000000
169.075000 0.000000
169.125000 0.000000
169.175000 0.000000
169.225000 0.000000
169.275000 0.000000
169.325000 0.000000
169.375000 0.000000
169.425000 0.000000
169.475000 0.000000
169.525000 0.000000
169.575000 0.000000
169.625000 0.000000
169.675000 0.000000
169.725000 0.000000
169.775000 0.000000
169.825000 0.000000
169.875000 0.000000
169.925000 0.000000
169.975000 0.000000
170.025000 0.000000
170.075000 0.000000
170.125000 0.000000
170.175000 0.000000
170.225000 0.000000
170.275000 0.000000
170.325000 0.000000
170.375000 0.000000
170.425000 0.000000
170.475000 0.000000
170.525000 0.000000
170.575000 0.000000
170.625000 0.000000
170.675000 0.000000
170.725000 0.000000
170.775000 0.000000
170.825000 0.000000
170.875000 0.000000
170.925000 0.000000
170.975000 0.000000
171.025000 0.000000
171.075000 0.000000
171.125000 0.000000
171.175000 0.000000
171.225000 0.000000
171.275000 0.000000
171.325000 0.000000
171.375000 0.000000
171.425000 0.000000
171.475000 0.000000
171.525000 0.000000
171.575000 0.000000
171.625000 0.000000
171.675000 0.000000
171.725000 0.000000
171.775000 0.000000
171.825000 0.000000
171.875000 0.000000
171.925000 0.000000
171.975000 0.000000
172.025000 0.000000
172.075000 0.000000
172.125000 0.000000
172.175000 0.000000
172.225000 0.000000
172.275000 0.000000
172.325000 0.000000
172.375000 0.000000
172.425000 0.000000
172.475000 0.000000
172.525000 0.000000
172.575000 0.000000
172.625000 0.000000
172.675000 0.000000
172.725000 0.000000
172.775000 0.000000
172.825000 0.000000
172.875000 0.000000
172.925000 0.000000
172.975000 0.000000
173.025000 0.000000
173.075000 0.000000
173.125000 0.000000
173.175000 0.000000
173.225000 0.000000
173.275000 0.000000
173.325000 0.000000
173.375000 0.000000
173.425000 0.000000
173.475000 0.000000
173.525000 0.000000
173.575000 0.000000
173.625000 0.000000
173.675000 0.000000
173.725000 0.000000
173.775000 0.000000
173.825000 0.000000
173.875000 0.000000
173.925000 0.000000
173.975000 0.000000
174.025000 0.000000
174.075000 0.000000
174.125000 0.000000
174.175000 0.000000
174.225000 0.000000
174.275000 0.000000
174.325000 0.000000
174.375000 0.000000
174.425000 0.000000
174.475000 0.000000
174.525000 0.000000
174.575000 0.000000
174.625000 0.000000
174.675000 0.000000
174.725000 0.000000
174.775000 0.000000
174.825000 0.000000
174.875000 0.000000
174.925000 0.000000
174.975000 0.000000
175.025000 0.000000
175.075000 0.000000
175.125000 0.000000
175.175000 0.000000
175.225000 0.000000
175.275000 0.000000
175.325000 0.000000
175.375000 0.000000
175.425000 0.000000
175.475000 0.000000
175.525000 0.000000
175.575000 0.000000
175.625000 0.000000
175.675000 0.000000
175.725000 0.000000
175.775000 0.000000
175.825000 0.000000
175.875000 0.000000
175.925000 0.000000
175.975000 0.000000
176.025000 0.000000
176.075000 0.000000
176.125000 0.000000
176.175000 0.000000
176.225000 0.000000
176.275000 0.000000
176.325000 0.000000
176.375000 0.000000
176.425000 0.000000
176.475000 0.000000
176.525000 0.000000
176.575000 0.000000
176.625000 0.000000
176.675000 0.000000
176.725000 0.000000
176.775000 0.000000
176.825000 0.000000
176.875000 0.000000
176.925000 0.000000
176.975000 0.000000
177.025000 0.000000
177.075000 0.000000
177.125000 0.000000
177.175000 0.000000
177.225000 0.000000
177.275000 0.000000
177.325000 0.000000
177.375000 0.000000
177.425000 0.000000
177.475000 0.000000
177.525000 0.000000
177.575000 0.000000
177.625000 0.000000
177.675000 0.000000
177.725000 0.000000
177.775000 0.000000
177.825000 0.000000
177.875000 0.000000
177.925000 0.000000
177.975000 0.000000
178.025000 0.000000
178.075000 0.000000
178.125000 0.000000
178.175000 0.000000
178.225000 0.000000
178.275000 0.000000
178.325000 0.000000
178.375000 0.000000
178.425000 0.000000
178.475000 0.000000
178.525000 0.000000
178.575000 0.000000
178.625000 0.000000
178.675000 0.000000
178.725000 0.000000
178.775000 0.000000
178.825000 0.000000
178.875000 0.000000
178.925000 0.000000
178.975000 0.000000
179.025000 0.000000
179.075000 0.000000
179.125000 0.000000
179.175000 0.000000
179.225000 0.000000
179.275000 0.000000
179.325000 0.000000
179.375000 0.000000
179.425000 0.000000
179.475000 0.000000
179.525000 0.000000
179.575000 0.000000
179.625000 0.000000
179.675000 0.000000
179.725000 0.000000
179.775000 0.000000
179.825000 0.000000
179.875000 0.000000
179.925000 0.000000
179.975000 0.000000
180.025000 0.000000
180.075000 0.000000
180.125000 0.000000
180.175000 0.000000
180.225000 0.000000
180.275000 0.000000
180.325000 0.000000
180.375000 0.000000
180.425000 0.000000
180.475000 0.000000
180.525000 0.000000
180.575000 0.000000
180.625000 0.000000
180.675000 0.000000
180.725000 0.000000
180.775000 0.000000
180.825000 0.000000
180.875000 0.000000
180.925000 0.000000
180.975000 0.000000
181.025000 0.000000
181.075000 0.000000
181.125000 0.000000
181.175000 0.000000
181.225000 0.000000
181.275000 0.000000
181.325000 0.000000
181.375000 0.000000
181.425000 0.000000
181.475000 0.000000
181.525000 0.000000
181.575000 0.000000
181.625000 0.000000
181.675000 0.000000
181.725000 0.000000
181.775000 0.000000
181.825000 0.000000
181.875000 0.000000
181.925000 0.000000
181.975000 0.000000
182.025000 0.000000
182.075000 0.000000
182.125000 0.000000
182.175000 0.000000
182.225000 0.000000
182.275000 0.000000
182.325000 0.000000
182.375000 0.000000
182.425000 0.000000
182.475000 0.000000
182.525000 0.000000
182.575000 0.000000
182.625000 0.000000
182.675000 0.000000
182.725000 0.000000
182.775000 0.000000
182.825000 0.000000
182.875000 0.000000
182.925000 0.000000
182.975000 0.000000
183.025000 0.000000
183.075000 0.000000
183.125000 0.000000
183.175000 0.000000
183.225000 0.000000
183.275000 0.000000
183.325000 0.000000
183.375000 0.000000
183.425000 0.000000
183.475000 0.000000
183.525000 0.000000
183.575000 0.000000
183.625000 0.000000
183.675000 0.000000
183.725000 0.000000
183.775000 0.000000
183.825000 0.000000
183.875000 0.000000
183.925000 0.000000
183.975000 0.000000
184.025000 0.000000
184.075000 0.000000
184.125000 0.000000
184.175000 0.000000
184.225000 0.000000
184.275000 0.000000
184.325000 0.000000
184.375000 0.000000
184.425000 0.000000
184.475000 0.000000
184.525000 0.000000
184.575000 0.000000
184.625000 0.000000
184.675000 0.000000
184.725000 0.000000
184.775000 0.000000
184.825000 0.000000
184.875000 0.000000
184.925000 0.000000
184.975000 0.000000
185.025000 0.000000
185.075000 0.000000
185.125000 0.000000
185.175000 0.000000
185.225000 0.000000
185.275000 0.000000
185.325000 0.000000
185.375000 0.000000
185.425000 0.000000
185.475000 0.000000
185.525000 0.000000
185.575000 0.000000
185.625000 0.000000
185.675000 0.000000
185.725000 0.000000
185.775000 0.000000
185.825000 0.000000
185.875000 0.000000
185.925000 0.000000
185.975000 0.000000
186.025000 0.000000
186.075000 0.000000
186.125000 0.000000
186.175000 0.000000
186.225000 0.000000
186.275000 0.000000
186.325000 0.000000
186.375000 0.000000
186.425000 0.000000
186.475000 0.000000
186.525000 0.000000
186.575000 0.000000
186.625000 0.000000
186.675000 0.000000
186.725000 0.000000
186.775000 0.000000
186.825000 0.000000
186.875000 0.000000
186.925000 0.000000
186.975000 0.000000
187.025000 0.000000
187.075000 0.000000
187.125000 0.000000
187.175000 0.000000
187.225000 0.000000
187.275000 0.000000
187.325000 0.000000
187.375000 0.000000
187.425000 0.000000
187.475000 0.000000
187.525000 0.000000
187.575000 0.000000
187.625000 0.000000
187.675000 0.000000
187.725000 0.000000
187.775000 0.000000
187.825000 0.000000
187.875000 0.000000
187.925000 0.000000
187.975000 0.000000
188.025000 0.000000
188.075000 0.000000
188.125000 0.000000
188.175000 0.000000
188.225000 0.000000
188.275000 0.000000
188.325000 0.000000
188.375000 0.000000
188.425000 0.000000
188.475000 0.000000
188.525000 0.000000
188.575000 0.000000
188.625000 0.000000
188.675000 0.000000
188.725000 0.000000
188.775000 0.000000
188.825000 0.000000
188.875000 0.000000
188.925000 0.000000
188.975000 0.000000
189.025000 0.000000
189.075000 0.000000
189.125000 0.000000
189.175000 0.000000
189.225000 0.000000
189.275000 0.000000
189.325000 0.000000
189.375000 0.000000
189.425000 0.000000
189.475000 0.000000
189.525000 0.000000
189.575000 0.000000
189.625000 0.000000
189.675000 0.000000
189.725000 0.000000
189.775000 0.000000
189.825000 0.000000
189.875000 0.000000
189.925000 0.000000
189.975000 0.000000
190.025000 0.000000
190.075000 0.000000
190.125000 0.000000
190.175000 0.000000
190.225000 0.000000
190.275000 0.000000
190.325000 0.000000
190.375000 0.000000
190.425000 0.000000
190.475000 0.000000
190.525000 0.000000
190.575000 0.000000
190.625000 0.000000
190.675000 0.000000
190.725000 0.000000
190.775000 0.000000
190.825000 0.000000
190.875000 0.000000
190.925000 0.000000
190.975000 0.000000
191.025000 0.000000
191.075000 0.000000
191.125000 0.000000
191.175000 0.000000
191.225000 0.000000
191.275000 0.000000
191.325000 0.000000
191.375000 0.000000
191.425000 0.000000
191.475000 0.000000
191.525000 0.000000
191.575000 0.000000
191.625000 0.000000
191.675000 0.000000
191.725000 0.000000
191.775000 0.000000
191.825000 0.000000
191.875000 0.000000
191.925000 0.000000
191.975000 0.000000
192.025000 0.000000
192.075000 0.000000
192.125000 0.000000
192.175000 0.000000
192.225000 0.000000
192.275000 0.000000
192.325000 0.000000
192.375000 0.000000
192.425000 0.000000
192.475000 0.000000
192.525000 0.000000
192.575000 0.000000
192.625000 0.000000
192.675000 0.000000
192.725000 0.000000
192.775000 0.000000
192.825000 0.000000
192.875000 0.000000
192.925000 0.000000
192.975000 0.000000
193.025000 0.000000
193.075000 0.000000
193.125000 0.000000
193.175000 0.000000
193.225000 0.000000
193.275000 0.000000
193.325000 0.000000
193.375000 0.000000
193.425000 0.000000
193.475000 0.000000
193.525000 0.000000
193.575000 0.000000
193.625000 0.000000
193.675000 0.000000
193.725000 0.000000
193.775000 0.000000
193.825000 0.000000
193.875000 0.000000
193.925000 0.000000
193.975000 0.000000
194.025000 0.000000
194.075000 0.000000
194.125000 0.000000
194.175000 0.000000
194.225000 0.000000
194.275000 0.000000
194.325000 0.000000
194.375000 0.000000
194.425000 0.000000
194.475000 0.000000
194.525000 0.000000
194.575000 0.000000
194.625000 0.000000
194.675000 0.000000
194.725000 0.000000
194.775000 0.000000
194.825000 0.000000
194.875000 0.000000
194.925000 0.000000
194.975000 0.000000
195.025000 0.000000
195.075000 0.000000
195.125000 0.000000
195.175000 0.000000
195.225000 0.000000
195.275000 0.000000
195.325000 0.000000
195.375000 0.000000
195.425000 0.000000
195.475000 0.000000
195.525000 0.000000
195.575000 0.000000
195.625000 0.000000
195.675000 0.000000
195.725000 0.000000
195.775000 0.000000
195.825000 0.000000
195.875000 0.000000
195.925000 0.000000
195.975000 0.000000
196.025000 0.000000
196.075000 0.000000
196.125000 0.000000
196.175000 0.000000
196.225000 0.000000
196.275000 0.000000
196.325000 0.000000
196.375000 0.000000
196.425000 0.000000
196.475000 0.000000
196.525000 0.000000
196.575000 0.000000
196.625000 0.000000
196.675000 0.000000
196.725000 0.000000
196.775000 0.000000
196.825000 0.000000
196.875000 0.000000
196.925000 0.000000
196.975000 0.000000
197.025000 0.000000
197.075000 0.000000
197.125000 0.000000
197.175000 0.000000
197.225000 0.000000
197.275000 0.000000
197.325000 0.000000
197.375000 0.000000
197.425000 0.000000
197.475000 0.000000
197.525000 0.000000
197.575000 0.000000
197.625000 0.000000
197.675000 0.000000
197.725000 0.000000
197.775000 0.000000
197.825000 0.000000
197.875000 0.000000
197.925000 0.000000
197.975000 0.000000
198.025000 0.000000
198.075000 0.000000
198.125000 0.000000
198.175000 0.000000
198.225000 0.000000
198.275000 0.000000
198.325000 0.000000
198.375000 0.000000
198.425000 0.000000
198.475000 0.000000
198.525000 0.000000
198.575000 0.000000
198.625000 0.000000
198.675000 0.000000
198.725000 0.000000
198.775000 0.000000
198.825000 0.000000
198.875000 0.000000
198.925000 0.000000
198.975000 0.000000
199.025000 0.000000
199.075000 0.000000
199.125000 0.000000
199.175000 0.000000
199.225000 0.000000
199.275000 0.000000
199.325000 0.000000
199.375000 0.000000
199.425000 0.000000
199.475000 0.000000
199.525000 0.000000
199.575000 0.000000
199.625000 0.000000
199.675000 0.000000
199.725000 0.000000
199.775000 0.000000
199.825000 0.000000
199.875000 0.000000
199.925000 0.000000
199.975000 0.000000
200.000000 0.000000