0.000000 1.000000
0.025000 1.000000
0.075000 1.000000
0.125000 1.000000
0.175000 1.000000
0.225000 1.000000
0.275000 1.000000
0.325000 1.000000
0.375000 1.000000
0.425000 1.000000
0.475000 1.000000
0.525000 1.000000
0.575000 1.000000
0.625000 1.000000
0.675000 1.000000
0.725000 1.000000
0.775000 1.000000
0.825000 1.000000
0.875000 1.000000
0.925000 1.000000
0.975000 1.000000
1.025000 1.000000
1.075000 1.000000
1.125000 1.000000
1.175000 1.000000
1.225000 1.000000
1.275000 1.000000
1.325000 1.000000
1.375000 1.000000
1.425000 1.000000
1.475000 1.000000
1.525000 1.000000
1.575000 1.000000
1.625000 1.000000
1.675000 1.000000
1.725000 1.000000
1.775000 1.000000
1.825000 1.000000
1.875000 1.000000
1.925000 1.000000
1.975000 1.000000
2.025000 1.000000
2.075000 1.000000
2.125000 1.000000
2.175000 1.000000
2.225000 1.000000
2.275000 1.000000
2.325000 1.000000
2.375000 1.000000
2.425000 1.000000
2.475000 1.000000
2.525000 1.000000
2.575000 1.000000
2.625000 1.000000
2.675000 1.000000
2.725000 1.000000
2.775000 1.000000
2.825000 1.000000
2.875000 1.000000
2.925000 1.000000
2.975000 1.000000
3.025000 1.000000
3.075000 1.000000
3.125000 1.000000
3.175000 1.000000
3.225000 1.000000
3.275000 1.000000
3.325000 1.000000
3.375000 1.000000
3.425000 1.000000
3.475000 1.000000
3.525000 1.000000
3.575000 1.000000
3.625000 1.000000
3.675000 1.000000
3.725000 1.000000
3.775000 1.000000
3.825000 1.000000
3.875000 1.000000
3.925000 1.000000
3.975000 1.000000
4.025000 1.000000
4.075000 1.000000
4.125000 1.000000
4.175000 1.000000
4.225000 1.000000
4.275000 1.000000
4.325000 1.000000
4.375000 1.000000
4.425000 1.000000
4.475000 1.000000
4.525000 1.000000
4.575000 1.000000
4.625000 1.000000
4.675000 1.000000
4.725000 1.000000
4.775000 1.000000
4.825000 1.000000
4.875000 1.000000
4.925000 1.000000
4.975000 1.000000
5.025000 1.000000
5.075000 1.000000
5.125000 1.000000
5.175000 1.000000
5.225000 1.000000
5.275000 1.000000
5.325000 1.000000
5.375000 1.000000
5.425000 1.000000
5.475000 1.000000
5.525000 1.000000
5.575000 1.000000
5.625000 1.000000
5.675000 1.000000
5.725000 1.000000
5.775000 0.999999
5.825000 0.999999
5.875000 0.999999
5.925000 0.999999
5.975000 0.999999
6.025000 0.999999
6.075000 0.999999
6.125000 0.999999
6.175000 0.999999
6.225000 0.999999
6.275000 0.999999
6.325000 0.999999
6.375000 0.999999
6.425000 0.999999
6.475000 0.999999
6.525000 0.999999
6.575000 0.999999
6.625000 0.999999
6.675000 0.999999
6.725000 0.999999
6.775000 0.999999
6.825000 0.999999
6.875000 0.999999
6.925000 0.999999
6.975000 0.999999
7.025000 0.999999
7.075000 0.999999
7.125000 0.999999
7.175000 0.999999
7.225000 0.999999
7.275000 0.999999
7.325000 0.999999
7.375000 0.999999
7.425000 0.999999
7.475000 0.999999
7.525000 0.999999
7.575000 0.999999
7.625000 0.999999
7.675000 0.999999
7.725000 0.999999
7.775000 0.999999
7.825000 0.999999
7.875000 0.999999
7.925000 0.999999
7.975000 0.999999
8.025000 0.999999
8.075000 0.999999
8.125000 0.999999
8.175000 0.999999
8.225000 0.999998
8.275000 0.999998
8.325000 0.999998
8.375000 0.999998
8.425000 0.999998
8.475000 0.999998
8.525000 0.999998
8.575000 0.999998
8.625000 0.999998
8.675000 0.999998
8.725000 0.999998
8.775000 0.999998
8.825000 0.999998
8.875000 0.999998
8.925000 0.999998
8.975000 0.999998
9.025000 0.999998
9.075000 0.999998
9.125000 0.999998
9.175000 0.999998
9.225000 0.999998
9.275000 0.999998
9.325000 0.999998
9.375000 0.999997
9.425000 0.999997
9.475000 0.999997
9.525000 0.999997
9.575000 0.999997
9.625000 0.999997
9.675000 0.999997
9.725000 0.999997
9.775000 0.999997
9.825000 0.999997
9.875000 0.999997
9.925000 0.999997
9.975000 0.999997
10.025000 0.999997
10.075000 0.999997
10.125000 0.999997
10.175000 0.999996
10.225000 0.999996
10.275000 0.999996
10.325000 0.999996
10.375000 0.999996
10.425000 0.999996
10.475000 0.999996
10.525000 0.999996
10.575000 0.999996
10.625000 0.999996
10.675000 0.999996
10.725000 0.999995
10.775000 0.999995
10.825000 0.999995
10.875000 0.999995
10.925000 0.999995
10.975000 0.999995
11.025000 0.999995
11.075000 0.999995
11.125000 0.999995
11.175000 0.999994
11.225000 0.999994
11.275000 0.999994
11.325000 0.999994
11.375000 0.999994
11.425000 0.999994
11.475000 0.999994
11.525000 0.999994
11.575000 0.999993
11.625000 0.999993
11.675000 0.999993
11.725000 0.999993
11.775000 0.999993
11.825000 0.999993
11.875000 0.999992
11.925000 0.999992
11.975000 0.999992
12.025000 0.999992
12.075000 0.999992
12.125000 0.999992
12.175000 0.999991
12.225000 0.999991
12.275000 0.999991
12.325000 0.999991
12.375000 0.999991
12.425000 0.999990
12.475000 0.999990
12.525000 0.999990
12.575000 0.999990
12.625000 0.999989
12.675000 0.999989
12.725000 0.999989
12.775000 0.999989
12.825000 0.999988
12.875000 0.999988
12.925000 0.999988
12.975000 0.999988
13.025000 0.999987
13.075000 0.999987
13.125000 0.999987
13.175000 0.999987
13.225000 0.999986
13.275000 0.999986
13.325000 0.999986
13.375000 0.999985
13.425000 0.999985
13.475000 0.999985
13.525000 0.999984
13.575000 0.999984
13.625000 0.999984
13.675000 0.999983
13.725000 0.999983
13.775000 0.999983
13.825000 0.999982
13.875000 0.999982
13.925000 0.999981
13.975000 0.999981
14.025000 0.999981
14.075000 0.999980
14.125000 0.999980
14.175000 0.999979
14.225000 0.999979
14.275000 0.999978
14.325000 0.999978
14.375000 0.999977
14.425000 0.999977
14.475000 0.999976
14.525000 0.999976
14.575000 0.999975
14.625000 0.999975
14.675000 0.999974
14.725000 0.999974
14.775000 0.999973
14.825000 0.999972
14.875000 0.999972
14.925000 0.999971
14.975000 0.999970
15.025000 0.999970
15.075000 0.999969
15.125000 0.999968
15.175000 0.999968
15.225000 0.999967
15.275000 0.999966
15.325000 0.999966
15.375000 0.999965
15.425000 0.999964
15.475000 0.999963
15.525000 0.999962
15.575000 0.999962
15.625000 0.999961
15.675000 0.999960
15.725000 0.999959
15.775000 0.999958
15.825000 0.999957
15.875000 0.999956
15.925000 0.999955
15.975000 0.999954
16.025000 0.999953
16.075000 0.999952
16.125000 0.999951
16.175000 0.999950
16.225000 0.999949
16.275000 0.999948
16.325000 0.999947
16.375000 0.999946
16.425000 0.999944
16.475000 0.999943
16.525000 0.999942
16.575000 0.999941
16.625000 0.999939
16.675000 0.999938
16.725000 0.999937
16.775000 0.999935
16.825000 0.999934
16.875000 0.999932
16.925000 0.999931
16.975000 0.999929
17.025000 0.999928
17.075000 0.999926
17.125000 0.999925
17.175000 0.999923
17.225000 0.999921
17.275000 0.999919
17.325000 0.999918
17.375000 0.999916
17.425000 0.999914
17.475000 0.999912
17.525000 0.999910
17.575000 0.999908
17.625000 0.999906
17.675000 0.999904
17.725000 0.999902
17.775000 0.999900
17.825000 0.999898
17.875000 0.999895
17.925000 0.999893
17.975000 0.999891
18.025000 0.999888
18.075000 0.999886
18.125000 0.999883
18.175000 0.999881
18.225000 0.999878
18.275000 0.999876
18.325000 0.999873
18.375000 0.999870
18.425000 0.999867
18.475000 0.999864
18.525000 0.999861
18.575000 0.999858
18.625000 0.999855
18.675000 0.999852
18.725000 0.999849
18.775000 0.999845
18.825000 0.999842
18.875000 0.999839
18.925000 0.999835
18.975000 0.999831
19.025000 0.999828
19.075000 0.999824
19.125000 0.999820
19.175000 0.999816
19.225000 0.999812
19.275000 0.999808
19.325000 0.999804
19.375000 0.999799
19.425000 0.999795
19.475000 0.999791
19.525000 0.999786
19.575000 0.999781
19.625000 0.999777
19.675000 0.999772
19.725000 0.999767
19.775000 0.999762
19.825000 0.999756
19.875000 0.999751
19.925000 0.999745
19.975000 0.999740
20.025000 0.999734
20.075000 0.999728
20.125000 0.999722
20.175000 0.999716
20.225000 0.999710
20.275000 0.999704
20.325000 0.999697
20.375000 0.999691
20.425000 0.999684
20.475000 0.999677
20.525000 0.999670
20.575000 0.999663
20.625000 0.999655
20.675000 0.999648
20.725000 0.999640
20.775000 0.999632
20.825000 0.999624
20.875000 0.999616
20.925000 0.999608
20.975000 0.999599
21.025000 0.999590
21.075000 0.999581
21.125000 0.999572
21.175000 0.999563
21.225000 0.999553
21.275000 0.999543
21.325000 0.999533
21.375000 0.999523
21.425000 0.999513
21.475000 0.999502
21.525000 0.999491
21.575000 0.999480
21.625000 0.999469
21.675000 0.999457
21.725000 0.999445
21.775000 0.999433
21.825000 0.999421
21.875000 0.999408
21.925000 0.999395
21.975000 0.999382
22.025000 0.999369
22.075000 0.999355
22.125000 0.999341
22.175000 0.999326
22.225000 0.999312
22.275000 0.999297
22.325000 0.999281
22.375000 0.999266
22.425000 0.999250
22.475000 0.999233
22.525000 0.999217
22.575000 0.999199
22.625000 0.999182
22.675000 0.999164
22.725000 0.999146
22.775000 0.999127
22.825000 0.999108
22.875000 0.999089
22.925000 0.999069
22.975000 0.999049
23.025000 0.999028
23.075000 0.999007
23.125000 0.998985
23.175000 0.998963
23.225000 0.998940
23.275000 0.998917
23.325000 0.998894
23.375000 0.998870
23.425000 0.998845
23.475000 0.998820
23.525000 0.998794
23.575000 0.998768
23.625000 0.998741
23.675000 0.998714
23.725000 0.998686
23.775000 0.998657
23.825000 0.998628
23.875000 0.998598
23.925000 0.998567
23.975000 0.998536
24.025000 0.998504
24.075000 0.998472
24.125000 0.998438
24.175000 0.998404
24.225000 0.998370
24.275000 0.998334
24.325000 0.998298
24.375000 0.998261
24.425000 0.998223
24.475000 0.998184
24.525000 0.998145
24.575000 0.998105
24.625000 0.998063
24.675000 0.998021
24.725000 0.997978
24.775000 0.997934
24.825000 0.997889
24.875000 0.997844
24.925000 0.997797
24.975000 0.997749
25.025000 0.997700
25.075000 0.997650
25.125000 0.997599
25.175000 0.997547
25.225000 0.997493
25.275000 0.997439
25.325000 0.997383
25.375000 0.997327
25.425000 0.997269
25.475000 0.997209
25.525000 0.997149
25.575000 0.997087
25.625000 0.997024
25.675000 0.996959
25.725000 0.996893
25.775000 0.996826
25.825000 0.996757
25.875000 0.996686
25.925000 0.996614
25.975000 0.996541
26.025000 0.996466
26.075000 0.996389
26.125000 0.996311
26.175000 0.996231
26.225000 0.996149
26.275000 0.996066
26.325000 0.995981
26.375000 0.995894
26.425000 0.995805
26.475000 0.995714
26.525000 0.995621
26.575000 0.995526
26.625000 0.995429
26.675000 0.995330
26.725000 0.995229
26.775000 0.995126
26.825000 0.995020
26.875000 0.994913
26.925000 0.994803
26.975000 0.994690
27.025000 0.994575
27.075000 0.994458
27.125000 0.994338
27.175000 0.994216
27.225000 0.994091
27.275000 0.993963
27.325000 0.993832
27.375000 0.993699
27.425000 0.993563
27.475000 0.993424
27.525000 0.993282
27.575000 0.993137
27.625000 0.992988
27.675000 0.992837
27.725000 0.992682
27.775000 0.992524
27.825000 0.992363
27.875000 0.992198
27.925000 0.992030
27.975000 0.991858
28.025000 0.991682
28.075000 0.991503
28.125000 0.991320
28.175000 0.991133
28.225000 0.990942
28.275000 0.990746
28.325000 0.990547
28.375000 0.990344
28.425000 0.990136
28.475000 0.989923
28.525000 0.989706
28.575000 0.989485
28.625000 0.989258
28.675000 0.989027
28.725000 0.988791
28.775000 0.988550
28.825000 0.988304
28.875000 0.988053
28.925000 0.987796
28.975000 0.987534
29.025000 0.987266
29.075000 0.986993
29.125000 0.986714
29.175000 0.986429
29.225000 0.986137
29.275000 0.985840
29.325000 0.985536
29.375000 0.985226
29.425000 0.984910
29.475000 0.984586
29.525000 0.984256
29.575000 0.983919
29.625000 0.983575
29.675000 0.983223
29.725000 0.982864
29.775000 0.982498
29.825000 0.982124
29.875000 0.981742
29.925000 0.981352
29.975000 0.980953
30.025000 0.980547
30.075000 0.980131
30.125000 0.979707
30.175000 0.979275
30.225000 0.978833
30.275000 0.978382
30.325000 0.977921
30.375000 0.977451
30.425000 0.976971
30.475000 0.976481
30.525000 0.975981
30.575000 0.975470
30.625000 0.974949
30.675000 0.974416
30.725000 0.973873
30.775000 0.973319
30.825000 0.972753
30.875000 0.972175
30.925000 0.971585
30.975000 0.970984
31.025000 0.970369
31.075000 0.969742
31.125000 0.969102
31.175000 0.968449
31.225000 0.967783
31.275000 0.967102
31.325000 0.966408
31.375000 0.965700
31.425000 0.964977
31.475000 0.964239
31.525000 0.963486
31.575000 0.962718
31.625000 0.961934
31.675000 0.961134
31.725000 0.960318
31.775000 0.959485
31.825000 0.958636
31.875000 0.957769
31.925000 0.956885
31.975000 0.955983
32.025000 0.955062
32.075000 0.954123
32.125000 0.953166
32.175000 0.952189
32.225000 0.951192
32.275000 0.950176
32.325000 0.949139
32.375000 0.948081
32.425000 0.947003
32.475000 0.945903
32.525000 0.944781
32.575000 0.943637
32.625000 0.942471
32.675000 0.941282
32.725000 0.940069
32.775000 0.938832
32.825000 0.937571
32.875000 0.936286
32.925000 0.934975
32.975000 0.933639
33.025000 0.932277
33.075000 0.930888
33.125000 0.929473
33.175000 0.928031
33.225000 0.926560
33.275000 0.925062
33.325000 0.923535
33.375000 0.921979
33.425000 0.920393
33.475000 0.918777
33.525000 0.917130
33.575000 0.915453
33.625000 0.913744
33.675000 0.912003
33.725000 0.910229
33.775000 0.908423
33.825000 0.906582
33.875000 0.904708
33.925000 0.902799
33.975000 0.900856
34.025000 0.898876
34.075000 0.896861
34.125000 0.894809
34.175000 0.892719
34.225000 0.890592
34.275000 0.888427
34.325000 0.886223
34.375000 0.883980
34.425000 0.881698
34.475000 0.879374
34.525000 0.877011
34.575000 0.874605
34.625000 0.872158
34.675000 0.869669
34.725000 0.867136
34.775000 0.864560
34.825000 0.861940
34.875000 0.859276
34.925000 0.856567
34.975000 0.853812
35.025000 0.851012
35.075000 0.848164
35.125000 0.845270
35.175000 0.842329
35.225000 0.839339
35.275000 0.836302
35.325000 0.833215
35.375000 0.830079
35.425000 0.826893
35.475000 0.823658
35.525000 0.820371
35.575000 0.817034
35.625000 0.813645
35.675000 0.810205
35.725000 0.806712
35.775000 0.803167
35.825000 0.799569
35.875000 0.795918
35.925000 0.792213
35.975000 0.788455
36.025000 0.784643
36.075000 0.780776
36.125000 0.776855
36.175000 0.772880
36.225000 0.768849
36.275000 0.764763
36.325000 0.760622
36.375000 0.756426
36.425000 0.752174
36.475000 0.747867
36.525000 0.743505
36.575000 0.739086
36.625000 0.734613
36.675000 0.730084
36.725000 0.725499
36.775000 0.720859
36.825000 0.716164
36.875000 0.711415
36.925000 0.706610
36.975000 0.701751
37.025000 0.696838
37.075000 0.691870
37.125000 0.686850
37.175000 0.681776
37.225000 0.676649
37.275000 0.671470
37.325000 0.666240
37.375000 0.660958
37.425000 0.655626
37.475000 0.650244
37.525000 0.644812
37.575000 0.639332
37.625000 0.633804
37.675000 0.628229
37.725000 0.622608
37.775000 0.616942
37.825000 0.611231
37.875000 0.605477
37.925000 0.599681
37.975000 0.593844
38.025000 0.587966
38.075000 0.582050
38.125000 0.576095
38.175000 0.570105
38.225000 0.564079
38.275000 0.558019
38.325000 0.551926
38.375000 0.545803
38.425000 0.539650
38.475000 0.533469
38.525000 0.527261
38.575000 0.521028
38.625000 0.514772
38.675000 0.508494
38.725000 0.502195
38.775000 0.495879
38.825000 0.489546
38.875000 0.483198
38.925000 0.476837
38.975000 0.470464
39.025000 0.464083
39.075000 0.457694
39.125000 0.451299
39.175000 0.444901
39.225000 0.438501
39.275000 0.432101
39.325000 0.425704
39.375000 0.419311
39.425000 0.412924
39.475000 0.406546
39.525000 0.400178
39.575000 0.393822
39.625000 0.387481
39.675000 0.381156
39.725000 0.374849
39.775000 0.368563
39.825000 0.362299
39.875000 0.356060
39.925000 0.349847
39.975000 0.343662
40.025000 0.337508
40.075000 0.331386
40.125000 0.325298
40.175000 0.319246
40.225000 0.313232
40.275000 0.307258
40.325000 0.301325
40.375000 0.295436
40.425000 0.289591
40.475000 0.283793
40.525000 0.278044
40.575000 0.272344
40.625000 0.266696
40.675000 0.261101
40.725000 0.255560
40.775000 0.250075
40.825000 0.244647
40.875000 0.239278
40.925000 0.233969
40.975000 0.228720
41.025000 0.223534
41.075000 0.218411
41.125000 0.213352
41.175000 0.208359
41.225000 0.203431
41.275000 0.198571
41.325000 0.193778
41.375000 0.189054
41.425000 0.184399
41.475000 0.179814
41.525000 0.175299
41.575000 0.170855
41.625000 0.166483
41.675000 0.162182
41.725000 0.157953
41.775000 0.153796
41.825000 0.149712
41.875000 0.145700
41.925000 0.141761
41.975000 0.137895
42.025000 0.134101
42.075000 0.130380
42.125000 0.126731
42.175000 0.123155
42.225000 0.119650
42.275000 0.116218
42.325000 0.112856
42.375000 0.109566
42.425000 0.106347
42.475000 0.103197
42.525000 0.100117
42.575000 0.097106
42.625000 0.094164
42.675000 0.091290
42.725000 0.088482
42.775000 0.085742
42.825000 0.083067
42.875000 0.080457
42.925000 0.077912
42.975000 0.075430
43.025000 0.073010
43.075000 0.070653
43.125000 0.068356
43.175000 0.066120
43.225000 0.063942
43.275000 0.061823
43.325000 0.059761
43.375000 0.057755
43.425000 0.055805
43.475000 0.053909
43.525000 0.052067
43.575000 0.050277
43.625000 0.048538
43.675000 0.046850
43.725000 0.045211
43.775000 0.043621
43.825000 0.042078
43.875000 0.040582
43.925000 0.039131
43.975000 0.037724
44.025000 0.036361
44.075000 0.035040
44.125000 0.033760
44.175000 0.032521
44.225000 0.031322
44.275000 0.030161
44.325000 0.029038
44.375000 0.027951
44.425000 0.026900
44.475000 0.025884
44.525000 0.024901
44.575000 0.023952
44.625000 0.023034
44.675000 0.022148
44.725000 0.021292
44.775000 0.020466
44.825000 0.019668
44.875000 0.018899
44.925000 0.018156
44.975000 0.017439
45.025000 0.016748
45.075000 0.016082
45.125000 0.015440
45.175000 0.014820
45.225000 0.014224
45.275000 0.013649
45.325000 0.013095
45.375000 0.012562
45.425000 0.012049
45.475000 0.011554
45.525000 0.011079
45.575000 0.010621
45.625000 0.010181
45.675000 0.009757
45.725000 0.009350
45.775000 0.008958
45.825000 0.008582
45.875000 0.008220
45.925000 0.007872
45.975000 0.007538
46.025000 0.007217
46.075000 0.006909
46.125000 0.006613
46.175000 0.006329
46.225000 0.006056
46.275000 0.005794
46.325000 0.005543
46.375000 0.005302
46.425000 0.005070
46.475000 0.004848
46.525000 0.004636
46.575000 0.004432
46.625000 0.004236
46.675000 0.004049
46.725000 0.003869
46.775000 0.003697
46.825000 0.003532
46.875000 0.003374
46.925000 0.003223
46.975000 0.003078
47.025000 0.002939
47.075000 0.002806
47.125000 0.002679
47.175000 0.002557
47.225000 0.002441
47.275000 0.002329
47.325000 0.002223
47.375000 0.002121
47.425000 0.002023
47.475000 0.001930
47.525000 0.001841
47.575000 0.001756
47.625000 0.001674
47.675000 0.001596
47.725000 0.001522
47.775000 0.001451
47.825000 0.001383
47.875000 0.001318
47.925000 0.001256
47.975000 0.001197
48.025000 0.001140
48.075000 0.001086
48.125000 0.001035
48.175000 0.000985
48.225000 0.000938
48.275000 0.000894
48.325000 0.000851
48.375000 0.000810
48.425000 0.000771
48.475000 0.000734
48.525000 0.000699
48.575000 0.000665
48.625000 0.000633
48.675000 0.000602
48.725000 0.000573
48.775000 0.000545
48.825000 0.000518
48.875000 0.000493
48.925000 0.000469
48.975000 0.000446
49.025000 0.000424
49.075000 0.000403
49.125000 0.000383
49.175000 0.000364
49.225000 0.000346
49.275000 0.000329
49.325000 0.000313
49.375000 0.000297
49.425000 0.000282
49.475000 0.000268
49.525000 0.000255
49.575000 0.000242
49.625000 0.000230
49.675000 0.000218
49.725000 0.000207
49.775000 0.000197
49.825000 0.000187
49.875000 0.000177
49.925000 0.000168
49.975000 0.000160
50.025000 0.000152
50.075000 0.000144
50.125000 0.000137
50.175000 0.000130
50.225000 0.000123
50.275000 0.000117
50.325000 0.000111
50.375000 0.000105
50.425000 0.000100
50.475000 0.000094
50.525000 0.000090
50.575000 0.000085
50.625000 0.000081
50.675000 0.000076
50.725000 0.000072
50.775000 0.000069
50.825000 0.000065
50.875000 0.000062
50.925000 0.000058
50.975000 0.000055
51.025000 0.000052
51.075000 0.000050
51.125000 0.000047
51.175000 0.000045
51.225000 0.000042
51.275000 0.000040
51.325000 0.000038
51.375000 0.000036
51.425000 0.000034
51.475000 0.000032
51.525000 0.000030
51.575000 0.000029
51.625000 0.000027
51.675000 0.000026
51.725000 0.000024
51.775000 0.000023
51.825000 0.000022
51.875000 0.000021
51.925000 0.000020
51.975000 0.000019
52.025000 0.000018
52.075000 0.000017
52.125000 0.000016
52.175000 0.000015
52.225000 0.000014
52.275000 0.000013
52.325000 0.000013
52.375000 0.000012
52.425000 0.000011
52.475000 0.000011
52.525000 0.000010
52.575000 0.000009
52.625000 0.000009
52.675000 0.000008
52.725000 0.000008
52.775000 0.000008
52.825000 0.000007
52.875000 0.000007
52.925000 0.000006
52.975000 0.000006
53.025000 0.000006
53.075000 0.000005
53.125000 0.000005
53.175000 0.000005
53.225000 0.000005
53.275000 0.000004
53.325000 0.000004
53.375000 0.000004
53.425000 0.000004
53.475000 0.000003
53.525000 0.000003
53.575000 0.000003
53.625000 0.000003
53.675000 0.000003
53.725000 0.000003
53.775000 0.000002
53.825000 0.000002
53.875000 0.000002
53.925000 0.000002
53.975000 0.000002
54.025000 0.000002
54.075000 0.000002
54.125000 0.000002
54.175000 0.000002
54.225000 0.000001
54.275000 0.000001
54.325000 0.000001
54.375000 0.000001
54.425000 0.000001
54.475000 0.000001
54.525000 0.000001
54.575000 0.000001
54.625000 0.000001
54.675000 0.000001
54.725000 0.000001
54.775000 0.000001
54.825000 0.000001
54.875000 0.000001
54.925000 0.000001
54.975000 0.000001
55.025000 0.000001
55.075000 0.000001
55.125000 0.000000
55.175000 0.000000
55.225000 0.000000
55.275000 0.000000
55.325000 0.000000
55.375000 0.000000
55.425000 0.000000
55.475000 0.000000
55.525000 0.000000
55.575000 0.000000
55.625000 0.000000
55.675000 0.000000
55.725000 0.000000
55.775000 0.000000
55.825000 0.000000
55.875000 0.000000
55.925000 0.000000
55.975000 0.000000
56.025000 0.000000
56.075000 0.000000
56.125000 0.000000
56.175000 0.000000
56.225000 0.000000
56.275000 0.000000
56.325000 0.000000
56.375000 0.000000
56.425000 0.000000
56.475000 0.000000
56.525000 0.000000
56.575000 0.000000
56.625000 0.000000
56.675000 0.000000
56.725000 0.000000
56.775000 0.000000
56.825000 0.000000
56.875000 0.000000
56.925000 0.000000
56.975000 0.000000
57.025000 0.000000
57.075000 0.000000
57.125000 0.000000
57.175000 0.000000
57.225000 0.000000
57.275000 0.000000
57.325000 0.000000
57.375000 0.000000
57.425000 0.000000
57.475000 0.000000
57.525000 0.000000
57.575000 0.000000
57.625000 0.000000
57.675000 0.000000
57.725000 0.000000
57.775000 0.000000
57.825000 0.000000
57.875000 0.000000
57.925000 0.000000
57.975000 0.000000
58.025000 0.000000
58.075000 0.000000
58.125000 0.000000
58.175000 0.000000
58.225000 0.000000
58.275000 0.000000
58.325000 0.000000
58.375000 0.000000
58.425000 0.000000
58.475000 0.000000
58.525000 0.000000
58.575000 0.000000
58.625000 0.000000
58.675000 0.000000
58.725000 0.000000
58.775000 0.000000
58.825000 0.000000
58.875000 0.000000
58.925000 0.000000
58.975000 0.000000
59.025000 0.000000
59.075000 0.000000
59.125000 0.000000
59.175000 0.000000
59.225000 0.000000
59.275000 0.000000
59.325000 0.000000
59.375000 0.000000
59.425000 0.000000
59.475000 0.000000
59.525000 0.000000
59.575000 0.000000
59.625000 0.000000
59.675000 0.000000
59.725000 0.000000
59.775000 0.000000
59.825000 0.000000
59.875000 0.000000
59.925000 0.000000
59.975000 0.000000
60.025000 0.000000
60.075000 0.000000
60.125000 0.000000
60.175000 0.000000
60.225000 0.000000
60.275000 0.000000
60.325000 0.000000
60.375000 0.000000
60.425000 0.000000
60.475000 0.000000
60.525000 0.000000
60.575000 0.000000
60.625000 0.000000
60.675000 0.000000
60.725000 0.000000
60.775000 0.000000
60.825000 0.000000
60.875000 0.000000
60.925000 0.000000
60.975000 0.000000
61.025000 0.000000
61.075000 0.000000
61.125000 0.000000
61.175000 0.000000
61.225000 0.000000
61.275000 0.000000
61.325000 0.000000
61.375000 0.000000
61.425000 0.000000
61.475000 0.000000
61.525000 0.000000
61.575000 0.000000
61.625000 0.000000
61.675000 0.000000
61.725000 0.000000
61.775000 0.000000
61.825000 0.000000
61.875000 0.000000
61.925000 0.000000
61.975000 0.000000
62.025000 0.000000
62.075000 0.000000
62.125000 0.000000
62.175000 0.000000
62.225000 0.000000
62.275000 0.000000
62.325000 0.000000
62.375000 0.000000
62.425000 0.000000
62.475000 0.000000
62.525000 0.000000
62.575000 0.000000
62.625000 0.000000
62.675000 0.000000
62.725000 0.000000
62.775000 0.000000
62.825000 0.000000
62.875000 0.000000
62.925000 0.000000
62.975000 0.000000
63.025000 0.000000
63.075000 0.000000
63.125000 0.000000
63.175000 0.000000
63.225000 0.000000
63.275000 0.000000
63.325000 0.000000
63.375000 0.000000
63.425000 0.000000
63.475000 0.000000
63.525000 0.000000
63.575000 0.000000
63.625000 0.000000
63.675000 0.000000
63.725000 0.000000
63.775000 0.000000
63.825000 0.000000
63.875000 0.000000
63.925000 0.000000
63.975000 0.000000
64.025000 0.000000
64.075000 0.000000
64.125000 0.000000
64.175000 0.000000
64.225000 0.000000
64.275000 0.000000
64.325000 0.000000
64.375000 0.000000
64.425000 0.000000
64.475000 0.000000
64.525000 0.000000
64.575000 0.000000
64.625000 0.000000
64.675000 0.000000
64.725000 0.000000
64.775000 0.000000
64.825000 0.000000
64.875000 0.000000
64.925000 0.000000
64.975000 0.000000
65.025000 0.000000
65.075000 0.000000
65.125000 0.000000
65.175000 0.000000
65.225000 0.000000
65.275000 0.000000
65.325000 0.000000
65.375000 0.000000
65.425000 0.000000
65.475000 0.000000
65.525000 0.000000
65.575000 0.000000
65.625000 0.000000
65.675000 0.000000
65.725000 0.000000
65.775000 0.000000
65.825000 0.000000
65.875000 0.000000
65.925000 0.000000
65.975000 0.000000
66.025000 0.000000
66.075000 0.000000
66.125000 0.000000
66.175000 0.000000
66.225000 0.000000
66.275000 0.000000
66.325000 0.000000
66.375000 0.000000
66.425000 0.000000
66.475000 0.000000
66.525000 0.000000
66.575000 0.000000
66.625000 0.000000
66.675000 0.000000
66.725000 0.000000
66.775000 0.000000
66.825000 0.000000
66.875000 0.000000
66.925000 0.000000
66.975000 0.000000
67.025000 0.000000
67.075000 0.000000
67.125000 0.000000
67.175000 0.000000
67.225000 0.000000
67.275000 0.000000
67.325000 0.000000
67.375000 0.000000
67.425000 0.000000
67.475000 0.000000
67.525000 0.000000
67.575000 0.000000
67.625000 0.000000
67.675000 0.000000
67.725000 0.000000
67.775000 0.000000
67.825000 0.000000
67.875000 0.000000
67.925000 0.000000
67.975000 0.000000
68.025000 0.000000
68.075000 0.000000
68.125000 0.000000
68.175000 0.000000
68.225000 0.000000
68.275000 0.000000
68.325000 0.000000
68.375000 0.000000
68.425000 0.000000
68.475000 0.000000
68.525000 0.000000
68.575000 0.000000
68.625000 0.000000
68.675000 0.000000
68.725000 0.000000
68.775000 0.000000
68.825000 0.000000
68.875000 0.000000
68.925000 0.000000
68.975000 0.000000
69.025000 0.000000
69.075000 0.000000
69.125000 0.000000
69.175000 0.000000
69.225000 0.000000
69.275000 0.000000
69.325000 0.000000
69.375000 0.000000
69.425000 0.000000
69.475000 0.000000
69.525000 0.000000
69.575000 0.000000
69.625000 0.000000
69.675000 0.000000
69.725000 0.000000
69.775000 0.000000
69.825000 0.000000
69.875000 0.000000
69.925000 0.000000
69.975000 0.000000
70.025000 0.000000
70.075000 0.000000
70.125000 0.000000
70.175000 0.000000
70.225000 0.000000
70.275000 0.000000
70.325000 0.000000
70.375000 0.000000
70.425000 0.000000
70.475000 0.000000
70.525000 0.000000
70.575000 0.000000
70.625000 0.000000
70.675000 0.000000
70.725000 0.000000
70.775000 0.000000
70.825000 0.000000
70.875000 0.000000
70.925000 0.000000
70.975000 0.000000
71.025000 0.000000
71.075000 0.000000
71.125000 0.000000
71.175000 0.000000
71.225000 0.000000
71.275000 0.000000
71.325000 0.000000
71.375000 0.000000
71.425000 0.000000
71.475000 0.000000
71.525000 0.000000
71.575000 0.000000
71.625000 0.000000
71.675000 0.000000
71.725000 0.000000
71.775000 0.000000
71.825000 0.000000
71.875000 0.000000
71.925000 0.000000
71.975000 0.000000
72.025000 0.000000
72.075000 0.000000
72.125000 0.000000
72.175000 0.000000
72.225000 0.000000
72.275000 0.000000
72.325000 0.000000
72.375000 0.000000
72.425000 0.000000
72.475000 0.000000
72.525000 0.000000
72.575000 0.000000
72.625000 0.000000
72.675000 0.000000
72.725000 0.000000
72.775000 0.000000
72.825000 0.000000
72.875000 0.000000
72.925000 0.000000
72.975000 0.000000
73.025000 0.000000
73.075000 0.000000
73.125000 0.000000
73.175000 0.000000
73.225000 0.000000
73.275000 0.000000
73.325000 0.000000
73.375000 0.000000
73.425000 0.000000
73.475000 0.000000
73.525000 0.000000
73.575000 0.000000
73.625000 0.000000
73.675000 0.000000
73.725000 0.000000
73.775000 0.000000
73.825000 0.000000
73.875000 0.000000
73.925000 0.000000
73.975000 0.000000
74.025000 0.000000
74.075000 0.000000
74.125000 0.000000
74.175000 0.000000
74.225000 0.000000
74.275000 0.000000
74.325000 0.000000
74.375000 0.000000
74.425000 0.000000
74.475000 0.000000
74.525000 0.000000
74.575000 0.000000
74.625000 0.000000
74.675000 0.000000
74.725000 0.000000
74.775000 0.000000
74.825000 0.000000
74.875000 0.000000
74.925000 0.000000
74.975000 0.000000
75.025000 0.000000
75.075000 0.000000
75.125000 0.000000
75.175000 0.000000
75.225000 0.000000
75.275000 0.000000
75.325000 0.000000
75.375000 0.000000
75.425000 0.000000
75.475000 0.000000
75.525000 0.000000
75.575000 0.000000
75.625000 0.000000
75.675000 0.000000
75.725000 0.000000
75.775000 0.000000
75.825000 0.000000
75.875000 0.000000
75.925000 0.000000
75.975000 0.000000
76.025000 0.000000
76.075000 0.000000
76.125000 0.000000
76.175000 0.000000
76.225000 0.000000
76.275000 0.000000
76.325000 0.000000
76.375000 0.000000
76.425000 0.000000
76.475000 0.000000
76.525000 0.000000
76.575000 0.000000
76.625000 0.000000
76.675000 0.000000
76.725000 0.000000
76.775000 0.000000
76.825000 0.000000
76.875000 0.000000
76.925000 0.000000
76.975000 0.000000
77.025000 0.000000
77.075000 0.000000
77.125000 0.000000
77.175000 0.000000
77.225000 0.000000
77.275000 0.000000
77.325000 0.000000
77.375000 0.000000
77.425000 0.000000
77.475000 0.000000
77.525000 0.000000
77.575000 0.000000
77.625000 0.000000
77.675000 0.000000
77.725000 0.000000
77.775000 0.000000
77.825000 0.000000
77.875000 0.000000
77.925000 0.000000
77.975000 0.000000
78.025000 0.000000
78.075000 0.000000
78.125000 0.000000
78.175000 0.000000
78.225000 0.000000
78.275000 0.000000
78.325000 0.000000
78.375000 0.000000
78.425000 0.000000
78.475000 0.000000
78.525000 0.000000
78.575000 0.000000
78.625000 0.000000
78.675000 0.000000
78.725000 0.000000
78.775000 0.000000
78.825000 0.000000
78.875000 0.000000
78.925000 0.000000
78.975000 0.000000
79.025000 0.000000
79.075000 0.000000
79.125000 0.000000
79.175000 0.000000
79.225000 0.000000
79.275000 0.000000
79.325000 0.000000
79.375000 0.000000
79.425000 0.000000
79.475000 0.000000
79.525000 0.000000
79.575000 0.000000
79.625000 0.000000
79.675000 0.000000
79.725000 0.000000
79.775000 0.000000
79.825000 0.000000
79.875000 0.000000
79.925000 0.000000
79.975000 0.000000
80.025000 0.000000
80.075000 0.000000
80.125000 0.000000
80.175000 0.000000
80.225000 0.000000
80.275000 0.000000
80.325000 0.000000
80.375000 0.000000
80.425000 0.000000
80.475000 0.000000
80.525000 0.000000
80.575000 0.000000
80.625000 0.000000
80.675000 0.000000
80.725000 0.000000
80.775000 0.000000
80.825000 0.000000
80.875000 0.000000
80.925000 0.000000
80.975000 0.000000
81.025000 0.000000
81.075000 0.000000
81.125000 0.000000
81.175000 0.000000
81.225000 0.000000
81.275000 0.000000
81.325000 0.000000
81.375000 0.000000
81.425000 0.000000
81.475000 0.000000
81.525000 0.000000
81.575000 0.000000
81.625000 0.000000
81.675000 0.000000
81.725000 0.000000
81.775000 0.000000
81.825000 0.000000
81.875000 0.000000
81.925000 0.000000
81.975000 0.000000
82.025000 0.000000
82.075000 0.000000
82.125000 0.000000
82.175000 0.000000
82.225000 0.000000
82.275000 0.000000
82.325000 0.000000
82.375000 0.000000
82.425000 0.000000
82.475000 0.000000
82.525000 0.000000
82.575000 0.000000
82.625000 0.000000
82.675000 0.000000
82.725000 0.000000
82.775000 0.000000
82.825000 0.000000
82.875000 0.000000
82.925000 0.000000
82.975000 0.000000
83.025000 0.000000
83.075000 0.000000
83.125000 0.000000
83.175000 0.000000
83.225000 0.000000
83.275000 0.000000
83.325000 0.000000
83.375000 0.000000
83.425000 0.000000
83.475000 0.000000
83.525000 0.000000
83.575000 0.000000
83.625000 0.000000
83.675000 0.000000
83.725000 0.000000
83.775000 0.000000
83.825000 0.000000
83.875000 0.000000
83.925000 0.000000
83.975000 0.000000
84.025000 0.000000
84.075000 0.000000
84.125000 0.000000
84.175000 0.000000
84.225000 0.000000
84.275000 0.000000
84.325000 0.000000
84.375000 0.000000
84.425000 0.000000
84.475000 0.000000
84.525000 0.000000
84.575000 0.000000
84.625000 0.000000
84.675000 0.000000
84.725000 0.000000
84.775000 0.000000
84.825000 0.000000
84.875000 0.000000
84.925000 0.000000
84.975000 0.000000
85.025000 0.000000
85.075000 0.000000
85.125000 0.000000
85.175000 0.000000
85.225000 0.000000
85.275000 0.000000
85.325000 0.000000
85.375000 0.000000
85.425000 0.000000
85.475000 0.000000
85.525000 0.000000
85.575000 0.000000
85.625000 0.000000
85.675000 0.000000
85.725000 0.000000
85.775000 0.000000
85.825000 0.000000
85.875000 0.000000
85.925000 0.000000
85.975000 0.000000
86.025000 0.000000
86.075000 0.000000
86.125000 0.000000
86.175000 0.000000
86.225000 0.000000
86.275000 0.000000
86.325000 0.000000
86.375000 0.000000
86.425000 0.000000
86.475000 0.000000
86.525000 0.000000
86.575000 0.000000
86.625000 0.000000
86.675000 0.000000
86.725000 0.000000
86.775000 0.000000
86.825000 0.000000
86.875000 0.000000
86.925000 0.000000
86.975000 0.000000
87.025000 0.000000
87.075000 0.000000
87.125000 0.000000
87.175000 0.000000
87.225000 0.000000
87.275000 0.000000
87.325000 0.000000
87.375000 0.000000
87.425000 0.000000
87.475000 0.000000
87.525000 0.000000
87.575000 0.000000
87.625000 0.000000
87.675000 0.000000
87.725000 0.000000
87.775000 0.000000
87.825000 0.000000
87.875000 0.000000
87.925000 0.000000
87.975000 0.000000
88.025000 0.000000
88.075000 0.000000
88.125000 0.000000
88.175000 0.000000
88.225000 0.000000
88.275000 0.000000
88.325000 0.000000
88.375000 0.000000
88.425000 0.000000
88.475000 0.000000
88.525000 0.000000
88.575000 0.000000
88.625000 0.000000
88.675000 0.000000
88.725000 0.000000
88.775000 0.000000
88.825000 0.000000
88.875000 0.000000
88.925000 0.000000
88.975000 0.000000
89.025000 0.000000
89.075000 0.000000
89.125000 0.000000
89.175000 0.000000
89.225000 0.000000
89.275000 0.000000
89.325000 0.000000
89.375000 0.000000
89.425000 0.000000
89.475000 0.000000
89.525000 0.000000
89.575000 0.000000
89.625000 0.000000
89.675000 0.000000
89.725000 0.000000
89.775000 0.000000
89.825000 0.000000
89.875000 0.000000
89.925000 0.000000
89.975000 0.000000
90.025000 0.000000
90.075000 0.000000
90.125000 0.000000
90.175000 0.000000
90.225000 0.000000
90.275000 0.000000
90.325000 0.000000
90.375000 0.000000
90.425000 0.000000
90.475000 0.000000
90.525000 0.000000
90.575000 0.000000
90.625000 0.000000
90.675000 0.000000
90.725000 0.000000
90.775000 0.000000
90.825000 0.000000
90.875000 0.000000
90.925000 0.000000
90.975000 0.000000
91.025000 0.000000
91.075000 0.000000
91.125000 0.000000
91.175000 0.000000
91.225000 0.000000
91.275000 0.000000
91.325000 0.000000
91.375000 0.000000
91.425000 0.000000
91.475000 0.000000
91.525000 0.000000
91.575000 0.000000
91.625000 0.000000
91.675000 0.000000
91.725000 0.000000
91.775000 0.000000
91.825000 0.000000
91.875000 0.000000
91.925000 0.000000
91.975000 0.000000
92.025000 0.000000
92.075000 0.000000
92.125000 0.000000
92.175000 0.000000
92.225000 0.000000
92.275000 0.000000
92.325000 0.000000
92.375000 0.000000
92.425000 0.000000
92.475000 0.000000
92.525000 0.000000
92.575000 0.000000
92.625000 0.000000
92.675000 0.000000
92.725000 0.000000
92.775000 0.000000
92.825000 0.000000
92.875000 0.000000
92.925000 0.000000
92.975000 0.000000
93.025000 0.000000
93.075000 0.000000
93.125000 0.000000
93.175000 0.000000
93.225000 0.000000
93.275000 0.000000
93.325000 0.000000
93.375000 0.000000
93.425000 0.000000
93.475000 0.000000
93.525000 0.000000
93.575000 0.000000
93.625000 0.000000
93.675000 0.000000
93.725000 0.000000
93.775000 0.000000
93.825000 0.000000
93.875000 0.000000
93.925000 0.000000
93.975000 0.000000
94.025000 0.000000
94.075000 0.000000
94.125000 0.000000
94.175000 0.000000
94.225000 0.000000
94.275000 0.000000
94.325000 0.000000
94.375000 0.000000
94.425000 0.000000
94.475000 0.000000
94.525000 0.000000
94.575000 0.000000
94.625000 0.000000
94.675000 0.000000
94.725000 0.000000
94.775000 0.000000
94.825000 0.000000
94.875000 0.000000
94.925000 0.000000
94.975000 0.000000
95.025000 0.000000
95.075000 0.000000
95.125000 0.000000
95.175000 0.000000
95.225000 0.000000
95.275000 0.000000
95.325000 0.000000
95.375000 0.000000
95.425000 0.000000
95.475000 0.000000
95.525000 0.000000
95.575000 0.000000
95.625000 0.000000
95.675000 0.000000
95.725000 0.000000
95.775000 0.000000
95.825000 0.000000
95.875000 0.000000
95.925000 0.000000
95.975000 0.000000
96.025000 0.000000
96.075000 0.000000
96.125000 0.000000
96.175000 0.000000
96.225000 0.000000
96.275000 0.000000
96.325000 0.000000
96.375000 0.000000
96.425000 0.000000
96.475000 0.000000
96.525000 0.000000
96.575000 0.000000
96.625000 0.000000
96.675000 0.000000
96.725000 0.000000
96.775000 0.000000
96.825000 0.000000
96.875000 0.000000
96.925000 0.000000
96.975000 0.000000
97.025000 0.000000
97.075000 0.000000
97.125000 0.000000
97.175000 0.000000
97.225000 0.000000
97.275000 0.000000
97.325000 0.000000
97.375000 0.000000
97.425000 0.000000
97.475000 0.000000
97.525000 0.000000
97.575000 0.000000
97.625000 0.000000
97.675000 0.000000
97.725000 0.000000
97.775000 0.000000
97.825000 0.000000
97.875000 0.000000
97.925000 0.000000
97.975000 0.000000
98.025000 0.000000
98.075000 0.000000
98.125000 0.000000
98.175000 0.000000
98.225000 0.000000
98.275000 0.000000
98.325000 0.000000
98.375000 0.000000
98.425000 0.000000
98.475000 0.000000
98.525000 0.000000
98.575000 0.000000
98.625000 0.000000
98.675000 0.000000
98.725000 0.000000
98.775000 0.000000
98.825000 0.000000
98.875000 0.000000
98.925000 0.000000
98.975000 0.000000
99.025000 0.000000
99.075000 0.000000
99.125000 0.000000
99.175000 0.000000
99.225000 0.000000
99.275000 0.000000
99.325000 0.000000
99.375000 0.000000
99.425000 0.000000
99.475000 0.000000
99.525000 0.000000
99.575000 0.000000
99.625000 0.000000
99.675000 0.000000
99.725000 0.000000
99.775000 0.000000
99.825000 0.000000
99.875000 0.000000
99.925000 0.000000
99.975000 0.000000
100.025000 0.000000
100.075000 0.000000
100.125000 0.000000
100.175000 0.000000
100.225000 0.000000
100.275000 0.000000
100.325000 0.000000
100.375000 0.000000
100.425000 0.000000
100.475000 0.000000
100.525000 0.000000
100.575000 0.000000
100.625000 0.000000
100.675000 0.000000
100.725000 0.000000
100.775000 0.000000
100.825000 0.000000
100.875000 0.000000
100.925000 0.000000
100.975000 0.000000
101.025000 0.000000
101.075000 0.000000
101.125000 0.000000
101.175000 0.000000
101.225000 0.000000
101.275000 0.000000
101.325000 0.000000
101.375000 0.000000
101.425000 0.000000
101.475000 0.000000
101.525000 0.000000
101.575000 0.000000
101.625000 0.000000
101.675000 0.000000
101.725000 0.000000
101.775000 0.000000
101.825000 0.000000
101.875000 0.000000
101.925000 0.000000
101.975000 0.000000
102.025000 0.000000
102.075000 0.000000
102.125000 0.000000
102.175000 0.000000
102.225000 0.000000
102.275000 0.000000
102.325000 0.000000
102.375000 0.000000
102.425000 0.000000
102.475000 0.000000
102.525000 0.000000
102.575000 0.000000
102.625000 0.000000
102.675000 0.000000
102.725000 0.000000
102.775000 0.000000
102.825000 0.000000
102.875000 0.000000
102.925000 0.000000
102.975000 0.000000
103.025000 0.000000
103.075000 0.000000
103.125000 0.000000
103.175000 0.000000
103.225000 0.000000
103.275000 0.000000
103.325000 0.000000
103.375000 0.000000
103.425000 0.000000
103.475000 0.000000
103.525000 0.000000
103.575000 0.000000
103.625000 0.000000
103.675000 0.000000
103.725000 0.000000
103.775000 0.000000
103.825000 0.000000
103.875000 0.000000
103.925000 0.000000
103.975000 0.000000
104.025000 0.000000
104.075000 0.000000
104.125000 0.000000
104.175000 0.000000
104.225000 0.000000
104.275000 0.000000
104.325000 0.000000
104.375000 0.000000
104.425000 0.000000
104.475000 0.000000
104.525000 0.000000
104.575000 0.000000
104.625000 0.000000
104.675000 0.000000
104.725000 0.000000
104.775000 0.000000
104.825000 0.000000
104.875000 0.000000
104.925000 0.000000
104.975000 0.000000
105.025000 0.000000
105.075000 0.000000
105.125000 0.000000
105.175000 0.000000
105.225000 0.000000
105.275000 0.000000
105.325000 0.000000
105.375000 0.000000
105.425000 0.000000
105.475000 0.000000
105.525000 0.000000
105.575000 0.000000
105.625000 0.000000
105.675000 0.000000
105.725000 0.000000
105.775000 0.000000
105.825000 0.000000
105.875000 0.000000
105.925000 0.000000
105.975000 0.000000
106.025000 0.000000
106.075000 0.000000
106.125000 0.000000
106.175000 0.000000
106.225000 0.000000
106.275000 0.000000
106.325000 0.000000
106.375000 0.000000
106.425000 0.000000
106.475000 0.000000
106.525000 0.000000
106.575000 0.000000
106.625000 0.000000
106.675000 0.000000
106.725000 0.000000
106.775000 0.000000
106.825000 0.000000
106.875000 0.000000
106.925000 0.000000
106.975000 0.000000
107.025000 0.000000
107.075000 0.000000
107.125000 0.000000
107.175000 0.000000
107.225000 0.000000
107.275000 0.000000
107.325000 0.000000
107.375000 0.000000
107.425000 0.000000
107.475000 0.000000
107.525000 0.000000
107.575000 0.000000
107.625000 0.000000
107.675000 0.000000
107.725000 0.000000
107.775000 0.000000
107.825000 0.000000
107.875000 0.000000
107.925000 0.000000
107.975000 0.000000
108.025000 0.000000
108.075000 0.000000
108.125000 0.000000
108.175000 0.000000
108.225000 0.000000
108.275000 0.000000
108.325000 0.000000
108.375000 0.000000
108.425000 0.000000
108.475000 0.000000
108.525000 0.000000
108.575000 0.000000
108.625000 0.000000
108.675000 0.000000
108.725000 0.000000
108.775000 0.000000
108.825000 0.000000
108.875000 0.000000
108.925000 0.000000
108.975000 0.000000
109.025000 0.000000
109.075000 0.000000
109.125000 0.000000
109.175000 0.000000
109.225000 0.000000
109.275000 0.000000
109.325000 0.000000
109.375000 0.000000
109.425000 0.000000
109.475000 0.000000
109.525000 0.000000
109.575000 0.000000
109.625000 0.000000
109.675000 0.000000
109.725000 0.000000
109.775000 0.000000
109.825000 0.000000
109.875000 0.000000
109.925000 0.000000
109.975000 0.000000
110.025000 0.000000
110.075000 0.000000
110.125000 0.000000
110.175000 0.000000
110.225000 0.000000
110.275000 0.000000
110.325000 0.000000
110.375000 0.000000
110.425000 0.000000
110.475000 0.000000
110.525000 0.000000
110.575000 0.000000
110.625000 0.000000
110.675000 0.000000
110.725000 0.000000
110.775000 0.000000
110.825000 0.000000
110.875000 0.000000
110.925000 0.000000
110.975000 0.000000
111.025000 0.000000
111.075000 0.000000
111.125000 0.000000
111.175000 0.000000
111.225000 0.000000
111.275000 0.000000
111.325000 0.000000
111.375000 0.000000
111.425000 0.000000
111.475000 0.000000
111.525000 0.000000
111.575000 0.000000
111.625000 0.000000
111.675000 0.000000
111.725000 0.000000
111.775000 0.000000
111.825000 0.000000
111.875000 0.000000
111.925000 0.000000
111.975000 0.000000
112.025000 0.000000
112.075000 0.000000
112.125000 0.000000
112.175000 0.000000
112.225000 0.000000
112.275000 0.000000
112.325000 0.000000
112.375000 0.000000
112.425000 0.000000
112.475000 0.000000
112.525000 0.000000
112.575000 0.000000
112.625000 0.000000
112.675000 0.000000
112.725000 0.000000
112.775000 0.000000
112.825000 0.000000
112.875000 0.000000
112.925000 0.000000
112.975000 0.000000
113.025000 0.000000
113.075000 0.000000
113.125000 0.000000
113.175000 0.000000
113.225000 0.000000
113.275000 0.000000
113.325000 0.000000
113.375000 0.000000
113.425000 0.000000
113.475000 0.000000
113.525000 0.000000
113.575000 0.000000
113.625000 0.000000
113.675000 0.000000
113.725000 0.000000
113.775000 0.000000
113.825000 0.000000
113.875000 0.000000
113.925000 0.000000
113.975000 0.000000
114.025000 0.000000
114.075000 0.000000
114.125000 0.000000
114.175000 0.000000
114.225000 0.000000
114.275000 0.000000
114.325000 0.000000
114.375000 0.000000
114.425000 0.000000
114.475000 0.000000
114.525000 0.000000
114.575000 0.000000
114.625000 0.000000
114.675000 0.000000
114.725000 0.000000
114.775000 0.000000
114.825000 0.000000
114.875000 0.000000
114.925000 0.000000
114.975000 0.000000
115.025000 0.000000
115.075000 0.000000
115.125000 0.000000
115.175000 0.000000
115.225000 0.000000
115.275000 0.000000
115.325000 0.000000
115.375000 0.000000
115.425000 0.000000
115.475000 0.000000
115.525000 0.000000
115.575000 0.000000
115.625000 0.000000
115.675000 0.000000
115.725000 0.000000
115.775000 0.000000
115.825000 0.000000
115.875000 0.000000
115.925000 0.000000
115.975000 0.000000
116.025000 0.000000
116.075000 0.000000
116.125000 0.000000
116.175000 0.000000
116.225000 0.000000
116.275000 0.000000
116.325000 0.000000
116.375000 0.000000
116.425000 0.000000
116.475000 0.000000
116.525000 0.000000
116.575000 0.000000
116.625000 0.000000
116.675000 0.000000
116.725000 0.000000
116.775000 0.000000
116.825000 0.000000
116.875000 0.000000
116.925000 0.000000
116.975000 0.000000
117.025000 0.000000
117.075000 0.000000
117.125000 0.000000
117.175000 0.000000
117.225000 0.000000
117.275000 0.000000
117.325000 0.000000
117.375000 0.000000
117.425000 0.000000
117.475000 0.000000
117.525000 0.000000
117.575000 0.000000
117.625000 0.000000
117.675000 0.000000
117.725000 0.000000
117.775000 0.000000
117.825000 0.000000
117.875000 0.000000
117.925000 0.000000
117.975000 0.000000
118.025000 0.000000
118.075000 0.000000
118.125000 0.000000
118.175000 0.000000
118.225000 0.000000
118.275000 0.000000
118.325000 0.000000
118.375000 0.000000
118.425000 0.000000
118.475000 0.000000
118.525000 0.000000
118.575000 0.000000
118.625000 0.000000
118.675000 0.000000
118.725000 0.000000
118.775000 0.000000
118.825000 0.000000
118.875000 0.000000
118.925000 0.000000
118.975000 0.000000
119.025000 0.000000
119.075000 0.000000
119.125000 0.000000
119.175000 0.000000
119.225000 0.000000
119.275000 0.000000
119.325000 0.000000
119.375000 0.000000
119.425000 0.000000
119.475000 0.000000
119.525000 0.000000
119.575000 0.000000
119.625000 0.000000
119.675000 0.000000
119.725000 0.000000
119.775000 0.000000
119.825000 0.000000
119.875000 0.000000
119.925000 0.000000
119.975000 0.000000
120.025000 0.000000
120.075000 0.000000
120.125000 0.000000
120.175000 0.000000
120.225000 0.000000
120.275000 0.000000
120.325000 0.000000
120.375000 0.000000
120.425000 0.000000
120.475000 0.000000
120.525000 0.000000
120.575000 0.000000
120.625000 0.000000
120.675000 0.000000
120.725000 0.000000
120.775000 0.000000
120.825000 0.000000
120.875000 0.000000
120.925000 0.000000
120.975000 0.000000
121.025000 0.000000
121.075000 0.000000
121.125000 0.000000
121.175000 0.000000
121.225000 0.000000
121.275000 0.000000
121.325000 0.000000
121.375000 0.000000
121.425000 0.000000
121.475000 0.000000
121.525000 0.000000
121.575000 0.000000
121.625000 0.000000
121.675000 0.000000
121.725000 0.000000
121.775000 0.000000
121.825000 0.000000
121.875000 0.000000
121.925000 0.000000
121.975000 0.000000
122.025000 0.000000
122.075000 0.000000
122.125000 0.000000
122.175000 0.000000
122.225000 0.000000
122.275000 0.000000
122.325000 0.000000
122.375000 0.000000
122.425000 0.000000
122.475000 0.000000
122.525000 0.000000
122.575000 0.000000
122.625000 0.000000
122.675000 0.000000
122.725000 0.000000
122.775000 0.000000
122.825000 0.000000
122.875000 0.000000
122.925000 0.000000
122.975000 0.000000
123.025000 0.000000
123.075000 0.000000
123.125000 0.000000
123.175000 0.000000
123.225000 0.000000
123.275000 0.000000
123.325000 0.000000
123.375000 0.000000
123.425000 0.000000
123.475000 0.000000
123.525000 0.000000
123.575000 0.000000
123.625000 0.000000
123.675000 0.000000
123.725000 0.000000
123.775000 0.000000
123.825000 0.000000
123.875000 0.000000
123.925000 0.000000
123.975000 0.000000
124.025000 0.000000
124.075000 0.000000
124.125000 0.000000
124.175000 0.000000
124.225000 0.000000
124.275000 0.000000
124.325000 0.000000
124.375000 0.000000
124.425000 0.000000
124.475000 0.000000
124.525000 0.000000
124.575000 0.000000
124.625000 0.000000
124.675000 0.000000
124.725000 0.000000
124.775000 0.000000
124.825000 0.000000
124.875000 0.000000
124.925000 0.000000
124.975000 0.000000
125.025000 0.000000
125.075000 0.000000
125.125000 0.000000
125.175000 0.000000
125.225000 0.000000
125.275000 0.000000
125.325000 0.000000
125.375000 0.000000
125.425000 0.000000
125.475000 0.000000
125.525000 0.000000
125.575000 0.000000
125.625000 0.000000
125.675000 0.000000
125.725000 0.000000
125.775000 0.000000
125.825000 0.000000
125.875000 0.000000
125.925000 0.000000
125.975000 0.000000
126.025000 0.000000
126.075000 0.000000
126.125000 0.000000
126.175000 0.000000
126.225000 0.000000
126.275000 0.000000
126.325000 0.000000
126.375000 0.000000
126.425000 0.000000
126.475000 0.000000
126.525000 0.000000
126.575000 0.000000
126.625000 0.000000
126.675000 0.000000
126.725000 0.000000
126.775000 0.000000
126.825000 0.000000
126.875000 0.000000
126.925000 0.000000
126.975000 0.000000
127.025000 0.000000
127.075000 0.000000
127.125000 0.000000
127.175000 0.000000
127.225000 0.000000
127.275000 0.000000
127.325000 0.000000
127.375000 0.000000
127.425000 0.000000
127.475000 0.000000
127.525000 0.000000
127.575000 0.000000
127.625000 0.000000
127.675000 0.000000
127.725000 0.000000
127.775000 0.000000
127.825000 0.000000
127.875000 0.000000
127.925000 0.000000
127.975000 0.000000
128.025000 0.000000
128.075000 0.000000
128.125000 0.000000
128.175000 0.000000
128.225000 0.000000
128.275000 0.000000
128.325000 0.000000
128.375000 0.000000
128.425000 0.000000
128.475000 0.000000
128.525000 0.000000
128.575000 0.000000
128.625000 0.000000
128.675000 0.000000
128.725000 0.000000
128.775000 0.000000
128.825000 0.000000
128.875000 0.000000
128.925000 0.000000
128.975000 0.000000
129.025000 0.000000
129.075000 0.000000
129.125000 0.000000
129.175000 0.000000
129.225000 0.000000
129.275000 0.000000
129.325000 0.000000
129.375000 0.000000
129.425000 0.000000
129.475000 0.000000
129.525000 0.000000
129.575000 0.000000
129.625000 0.000000
129.675000 0.000000
129.725000 0.000000
129.775000 0.000000
129.825000 0.000000
129.875000 0.000000
129.925000 0.000000
129.975000 0.000000
130.025000 0.000000
130.075000 0.000000
130.125000 0.000000
130.175000 0.000000
130.225000 0.000000
130.275000 0.000000
130.325000 0.000000
130.375000 0.000000
130.425000 0.000000
130.475000 0.000000
130.525000 0.000000
130.575000 0.000000
130.625000 0.000000
130.675000 0.000000
130.725000 0.000000
130.775000 0.000000
130.825000 0.000000
130.875000 0.000000
130.925000 0.000000
130.975000 0.000000
131.025000 0.000000
131.075000 0.000000
131.125000 0.000000
131.175000 0.000000
131.225000 0.000000
131.275000 0.000000
131.325000 0.000000
131.375000 0.000000
131.425000 0.000000
131.475000 0.000000
131.525000 0.000000
131.575000 0.000000
131.625000 0.000000
131.675000 0.000000
131.725000 0.000000
131.775000 0.000000
131.825000 0.000000
131.875000 0.000000
131.925000 0.000000
131.975000 0.000000
132.025000 0.000000
132.075000 0.000000
132.125000 0.000000
132.175000 0.000000
132.225000 0.000000
132.275000 0.000000
132.325000 0.000000
132.375000 0.000000
132.425000 0.000000
132.475000 0.000000
132.525000 0.000000
132.575000 0.000000
132.625000 0.000000
132.675000 0.000000
132.725000 0.000000
132.775000 0.000000
132.825000 0.000000
132.875000 0.000000
132.925000 0.000000
132.975000 0.000000
133.025000 0.000000
133.075000 0.000000
133.125000 0.000000
133.175000 0.000000
133.225000 0.000000
133.275000 0.000000
133.325000 0.000000
133.375000 0.000000
133.425000 0.000000
133.475000 0.000000
133.525000 0.000000
133.575000 0.000000
133.625000 0.000000
133.675000 0.000000
133.725000 0.000000
133.775000 0.000000
133.825000 0.000000
133.875000 0.000000
133.925000 0.000000
133.975000 0.000000
134.025000 0.000000
134.075000 0.000000
134.125000 0.000000
134.175000 0.000000
134.225000 0.000000
134.275000 0.000000
134.325000 0.000000
134.375000 0.000000
134.425000 0.000000
134.475000 0.000000
134.525000 0.000000
134.575000 0.000000
134.625000 0.000000
134.675000 0.000000
134.725000 0.000000
134.775000 0.000000
134.825000 0.000000
134.875000 0.000000
134.925000 0.000000
134.975000 0.000000
135.025000 0.000000
135.075000 0.000000
135.125000 0.000000
135.175000 0.000000
135.225000 0.000000
135.275000 0.000000
135.325000 0.000000
135.375000 0.000000
135.425000 0.000000
135.475000 0.000000
135.525000 0.000000
135.575000 0.000000
135.625000 0.000000
135.675000 0.000000
135.725000 0.000000
135.775000 0.000000
135.825000 0.000000
135.875000 0.000000
135.925000 0.000000
135.975000 0.000000
136.025000 0.000000
136.075000 0.000000
136.125000 0.000000
136.175000 0.000000
136.225000 0.000000
136.275000 0.000000
136.325000 0.000000
136.375000 0.000000
136.425000 0.000000
136.475000 0.000000
136.525000 0.000000
136.575000 0.000000
136.625000 0.000000
136.675000 0.000000
136.725000 0.000000
136.775000 0.000000
136.825000 0.000000
136.875000 0.000000
136.925000 0.000000
136.975000 0.000000
137.025000 0.000000
137.075000 0.000000
137.125000 0.000000
137.175000 0.000000
137.225000 0.000000
137.275000 0.000000
137.325000 0.000000
137.375000 0.000000
137.425000 0.000000
137.475000 0.000000
137.525000 0.000000
137.575000 0.000000
137.625000 0.000000
137.675000 0.000000
137.725000 0.000000
137.775000 0.000000
137.825000 0.000000
137.875000 0.000000
137.925000 0.000000
137.975000 0.000000
138.025000 0.000000
138.075000 0.000000
138.125000 0.000000
138.175000 0.000000
138.225000 0.000000
138.275000 0.000000
138.325000 0.000000
138.375000 0.000000
138.425000 0.000000
138.475000 0.000000
138.525000 0.000000
138.575000 0.000000
138.625000 0.000000
138.675000 0.000000
138.725000 0.000000
138.775000 0.000000
138.825000 0.000000
138.875000 0.000000
138.925000 0.000000
138.975000 0.000000
139.025000 0.000000
139.075000 0.000000
139.125000 0.000000
139.175000 0.000000
139.225000 0.000000
139.275000 0.000000
139.325000 0.000000
139.375000 0.000000
139.425000 0.000000
139.475000 0.000000
139.525000 0.000000
139.575000 0.000000
139.625000 0.000000
139.675000 0.000000
139.725000 0.000000
139.775000 0.000000
139.825000 0.000000
139.875000 0.000000
139.925000 0.000000
139.975000 0.000000
140.025000 0.000000
140.075000 0.000000
140.125000 0.000000
140.175000 0.000000
140.225000 0.000000
140.275000 0.000000
140.325000 0.000000
140.375000 0.000000
140.425000 0.000000
140.475000 0.000000
140.525000 0.000000
140.575000 0.000000
140.625000 0.000000
140.675000 0.000000
140.725000 0.000000
140.775000 0.000000
140.825000 0.000000
140.875000 0.000000
140.925000 0.000000
140.975000 0.000000
141.025000 0.000000
141.075000 0.000000
141.125000 0.000000
141.175000 0.000000
141.225000 0.000000
141.275000 0.000000
141.325000 0.000000
141.375000 0.000000
141.425000 0.000000
141.475000 0.000000
141.525000 0.000000
141.575000 0.000000
141.625000 0.000000
141.675000 0.000000
141.725000 0.000000
141.775000 0.000000
141.825000 0.000000
141.875000 0.000000
141.925000 0.000000
141.975000 0.000000
142.025000 0.000000
142.075000 0.000000
142.125000 0.000000
142.175000 0.000000
142.225000 0.000000
142.275000 0.000000
142.325000 0.000000
142.375000 0.000000
142.425000 0.000000
142.475000 0.000000
142.525000 0.000000
142.575000 0.000000
142.625000 0.000000
142.675000 0.000000
142.725000 0.000000
142.775000 0.000000
142.825000 0.000000
142.875000 0.000000
142.925000 0.000000
142.975000 0.000000
143.025000 0.000000
143.075000 0.000000
143.125000 0.000000
143.175000 0.000000
143.225000 0.000000
143.275000 0.000000
143.325000 0.000000
143.375000 0.000000
143.425000 0.000000
143.475000 0.000000
143.525000 0.000000
143.575000 0.000000
143.625000 0.000000
143.675000 0.000000
143.725000 0.000000
143.775000 0.000000
143.825000 0.000000
143.875000 0.000000
143.925000 0.000000
143.975000 0.000000
144.025000 0.000000
144.075000 0.000000
144.125000 0.000000
144.175000 0.000000
144.225000 0.000000
144.275000 0.000000
144.325000 0.000000
144.375000 0.000000
144.425000 0.000000
144.475000 0.000000
144.525000 0.000000
144.575000 0.000000
144.625000 0.000000
144.675000 0.000000
144.725000 0.000000
144.775000 0.000000
144.825000 0.000000
144.875000 0.000000
144.925000 0.000000
144.975000 0.000000
145.025000 0.000000
145.075000 0.000000
145.125000 0.000000
145.175000 0.000000
145.225000 0.000000
145.275000 0.000000
145.325000 0.000000
145.375000 0.000000
145.425000 0.000000
145.475000 0.000000
145.525000 0.000000
145.575000 0.000000
145.625000 0.000000
145.675000 0.000000
145.725000 0.000000
145.775000 0.000000
145.825000 0.000000
145.875000 0.000000
145.925000 0.000000
145.975000 0.000000
146.025000 0.000000
146.075000 0.000000
146.125000 0.000000
146.175000 0.000000
146.225000 0.000000
146.275000 0.000000
146.325000 0.000000
146.375000 0.000000
146.425000 0.000000
146.475000 0.000000
146.525000 0.000000
146.575000 0.000000
146.625000 0.000000
146.675000 0.000000
146.725000 0.000000
146.775000 0.000000
146.825000 0.000000
146.875000 0.000000
146.925000 0.000000
146.975000 0.000000
147.025000 0.000000
147.075000 0.000000
147.125000 0.000000
147.175000 0.000000
147.225000 0.000000
147.275000 0.000000
147.325000 0.000000
147.375000 0.000000
147.425000 0.000000
147.475000 0.000000
147.525000 0.000000
147.575000 0.000000
147.625000 0.000000
147.675000 0.000000
147.725000 0.000000
147.775000 0.000000
147.825000 0.000000
147.875000 0.000000
147.925000 0.000000
147.975000 0.000000
148.025000 0.000000
148.075000 0.000000
148.125000 0.000000
148.175000 0.000000
148.225000 0.000000
148.275000 0.000000
148.325000 0.000000
148.375000 0.000000
148.425000 0.000000
148.475000 0.000000
148.525000 0.000000
148.575000 0.000000
148.625000 0.000000
148.675000 0.000000
148.725000 0.000000
148.775000 0.000000
148.825000 0.000000
148.875000 0.000000
148.925000 0.000000
148.975000 0.000000
149.025000 0.000000
149.075000 0.000000
149.125000 0.000000
149.175000 0.000000
149.225000 0.000000
149.275000 0.000000
149.325000 0.000000
149.375000 0.000000
149.425000 0.000000
149.475000 0.000000
149.525000 0.000000
149.575000 0.000000
149.625000 0.000000
149.675000 0.000000
149.725000 0.000000
149.775000 0.000000
149.825000 0.000000
149.875000 0.000000
149.925000 0.000000
149.975000 0.000000
150.025000 0.000000
150.075000 0.000000
150.125000 0.000000
150.175000 0.000000
150.225000 0.000000
150.275000 0.000000
150.325000 0.000000
150.375000 0.000000
150.425000 0.000000
150.475000 0.000000
150.525000 0.000000
150.575000 0.000000
150.625000 0.000000
150.675000 0.000000
150.725000 0.000000
150.775000 0.000000
150.825000 0.000000
150.875000 0.000000
150.925000 0.000000
150.975000 0.000000
151.025000 0.000000
151.075000 0.000000
151.125000 0.000000
151.175000 0.000000
151.225000 0.000000
151.275000 0.000000
151.325000 0.000000
151.375000 0.000000
151.425000 0.000000
151.475000 0.000000
151.525000 0.000000
151.575000 0.000000
151.625000 0.000000
151.675000 0.000000
151.725000 0.000000
151.775000 0.000000
151.825000 0.000000
151.875000 0.000000
151.925000 0.000000
151.975000 0.000000
152.025000 0.000000
152.075000 0.000000
152.125000 0.000000
152.175000 0.000000
152.225000 0.000000
152.275000 0.000000
152.325000 0.000000
152.375000 0.000000
152.425000 0.000000
152.475000 0.000000
152.525000 0.000000
152.575000 0.000000
152.625000 0.000000
152.675000 0.000000
152.725000 0.000000
152.775000 0.000000
152.825000 0.000000
152.875000 0.000000
152.925000 0.000000
152.975000 0.000000
153.025000 0.000000
153.075000 0.000000
153.125000 0.000000
153.175000 0.000000
153.225000 0.000000
153.275000 0.000000
153.325000 0.000000
153.375000 0.000000
153.425000 0.000000
153.475000 0.000000
153.525000 0.000000
153.575000 0.000000
153.625000 0.000000
153.675000 0.000000
153.725000 0.000000
153.775000 0.000000
153.825000 0.000000
153.875000 0.000000
153.925000 0.000000
153.975000 0.000000
154.025000 0.000000
154.075000 0.000000
154.125000 0.000000
154.175000 0.000000
154.225000 0.000000
154.275000 0.000000
154.325000 0.000000
154.375000 0.000000
154.425000 0.000000
154.475000 0.000000
154.525000 0.000000
154.575000 0.000000
154.625000 0.000000
154.675000 0.000000
154.725000 0.000000
154.775000 0.000000
154.825000 0.000000
154.875000 0.000000
154.925000 0.000000
154.975000 0.000000
155.025000 0.000000
155.075000 0.000000
155.125000 0.000000
155.175000 0.000000
155.225000 0.000000
155.275000 0.000000
155.325000 0.000000
155.375000 0.000000
155.425000 0.000000
155.475000 0.000000
155.525000 0.000000
155.575000 0.000000
155.625000 0.000000
155.675000 0.000000
155.725000 0.000000
155.775000 0.000000
155.825000 0.000000
155.875000 0.000000
155.925000 0.000000
155.975000 0.000000
156.025000 0.000000
156.075000 0.000000
156.125000 0.000000
156.175000 0.000000
156.225000 0.000000
156.275000 0.000000
156.325000 0.000000
156.375000 0.000000
156.425000 0.000000
156.475000 0.000000
156.525000 0.000000
156.575000 0.000000
156.625000 0.000000
156.675000 0.000000
156.725000 0.000000
156.775000 0.000000
156.825000 0.000000
156.875000 0.000000
156.925000 0.000000
156.975000 0.000000
157.025000 0.000000
157.075000 0.000000
157.125000 0.000000
157.175000 0.000000
157.225000 0.000000
157.275000 0.000000
157.325000 0.000000
157.375000 0.000000
157.425000 0.000000
157.475000 0.000000
157.525000 0.000000
157.575000 0.000000
157.625000 0.000000
157.675000 0.000000
157.725000 0.000000
157.775000 0.000000
157.825000 0.000000
157.875000 0.000000
157.925000 0.000000
157.975000 0.000000
158.025000 0.000000
158.075000 0.000000
158.125000 0.000000
158.175000 0.000000
158.225000 0.000000
158.275000 0.000000
158.325000 0.000000
158.375000 0.000000
158.425000 0.000000
158.475000 0.000000
158.525000 0.000000
158.575000 0.000000
158.625000 0.000000
158.675000 0.000000
158.725000 0.000000
158.775000 0.000000
158.825000 0.000000
158.875000 0.000000
158.925000 0.000000
158.975000 0.000000
159.025000 0.000000
159.075000 0.000000
159.125000 0.000000
159.175000 0.000000
159.225000 0.000000
159.275000 0.000000
159.325000 0.000000
159.375000 0.000000
159.425000 0.000000
159.475000 0.000000
159.525000 0.000000
159.575000 0.000000
159.625000 0.000000
159.675000 0.000000
159.725000 0.000000
159.775000 0.000000
159.825000 0.000000
159.875000 0.000000
159.925000 0.000000
159.975000 0.000000
160.025000 0.000000
160.075000 0.000000
160.125000 0.000000
160.175000 0.000000
160.225000 0.000000
160.275000 0.000000
160.325000 0.000000
160.375000 0.000000
160.425000 0.000000
160.475000 0.000000
160.525000 0.000000
160.575000 0.000000
160.625000 0.000000
160.675000 0.000000
160.725000 0.000000
160.775000 0.000000
160.825000 0.000000
160.875000 0.000000
160.925000 0.000000
160.975000 0.000000
161.025000 0.000000
161.075000 0.000000
161.125000 0.000000
161.175000 0.000000
161.225000 0.000000
161.275000 0.000000
161.325000 0.000000
161.375000 0.000000
161.425000 0.000000
161.475000 0.000000
161.525000 0.000000
161.575000 0.000000
161.625000 0.000000
161.675000 0.000000
161.725000 0.000000
161.775000 0.000000
161.825000 0.000000
161.875000 0.000000
161.925000 0.000000
161.975000 0.000000
162.025000 0.000000
162.075000 0.000000
162.125000 0.000000
162.175000 0.000000
162.225000 0.000000
162.275000 0.000000
162.325000 0.000000
162.375000 0.000000
162.425000 0.000000
162.475000 0.000000
162.525000 0.000000
162.575000 0.000000
162.625000 0.000000
162.675000 0.000000
162.725000 0.000000
162.775000 0.000000
162.825000 0.000000
162.875000 0.000000
162.925000 0.000000
162.975000 0.000000
163.025000 0.000000
163.075000 0.000000
163.125000 0.000000
163.175000 0.000000
163.225000 0.000000
163.275000 0.000000
163.325000 0.000000
163.375000 0.000000
163.425000 0.000000
163.475000 0.000000
163.525000 0.000000
163.575000 0.000000
163.625000 0.000000
163.675000 0.000000
163.725000 0.000000
163.775000 0.000000
163.825000 0.000000
163.875000 0.000000
163.925000 0.000000
163.975000 0.000000
164.025000 0.000000
164.075000 0.000000
164.125000 0.000000
164.175000 0.000000
164.225000 0.000000
164.275000 0.000000
164.325000 0.000000
164.375000 0.000000
164.425000 0.000000
164.475000 0.000000
164.525000 0.000000
164.575000 0.000000
164.625000 0.000000
164.675000 0.000000
164.725000 0.000000
164.775000 0.000000
164.825000 0.000000
164.875000 0.000000
164.925000 0.000000
164.975000 0.000000
165.025000 0.000000
165.075000 0.000000
165.125000 0.000000
165.175000 0.000000
165.225000 0.000000
165.275000 0.000000
165.325000 0.000000
165.375000 0.000000
165.425000 0.000000
165.475000 0.000000
165.525000 0.000000
165.575000 0.000000
165.625000 0.000000
165.675000 0.000000
165.725000 0.000000
165.775000 0.000000
165.825000 0.000000
165.875000 0.000000
165.925000 0.000000
165.975000 0.000000
166.025000 0.000000
166.075000 0.000000
166.125000 0.000000
166.175000 0.000000
166.225000 0.000000
166.275000 0.000000
166.325000 0.000000
166.375000 0.000000
166.425000 0.000000
166.475000 0.000000
166.525000 0.000000
166.575000 0.000000
166.625000 0.000000
166.675000 0.000000
166.725000 0.000000
166.775000 0.000000
166.825000 0.000000
166.875000 0.000000
166.925000 0.000000
166.975000 0.000000
167.025000 0.000000
167.075000 0.000000
167.125000 0.000000
167.175000 0.000000
167.225000 0.000000
167.275000 0.000000
167.325000 0.000000
167.375000 0.000000
167.425000 0.000000
167.475000 0.000000
167.525000 0.000000
167.575000 0.000000
167.625000 0.000000
167.675000 0.000000
167.725000 0.000000
167.775000 0.000000
167.825000 0.000000
167.875000 0.000000
167.925000 0.000000
167.975000 0.000000
168.025000 0.000000
168.075000 0.000000
168.125000 0.000000
168.175000 0.000000
168.225000 0.000000
168.275000 0.000000
168.325000 0.000000
168.375000 0.000000
168.425000 0.000000
168.475000 0.000000
168.525000 0.000000
168.575000 0.000000
168.625000 0.000000
168.675000 0.000000
168.725000 0.000000
168.775000 0.000000
168.825000 0.000000
168.875000 0.000000
168.925000 0.000000
168.975000 0.000000
169.025000 0.000000
169.075000 0.000000
169.125000 0.000000
169.175000 0.000000
169.225000 0.000000
169.275000 0.000000
169.325000 0.000000
169.375000 0.000000
169.425000 0.000000
169.475000 0.000000
169.525000 0.000000
169.575000 0.000000
169.625000 0.000000
169.675000 0.000000
169.725000 0.000000
169.775000 0.000000
169.825000 0.000000
169.875000 0.000000
169.925000 0.000000
169.975000 0.000000
170.025000 0.000000
170.075000 0.000000
170.125000 0.000000
170.175000 0.000000
170.225000 0.000000
170.275000 0.000000
170.325000 0.000000
170.375000 0.000000
170.425000 0.000000
170.475000 0.000000
170.525000 0.000000
170.575000 0.000000
170.625000 0.000000
170.675000 0.000000
170.725000 0.000000
170.775000 0.000000
170.825000 0.000000
170.875000 0.000000
170.925000 0.000000
170.975000 0.000000
171.025000 0.000000
171.075000 0.000000
171.125000 0.000000
171.175000 0.000000
171.225000 0.000000
171.275000 0.000000
171.325000 0.000000
171.375000 0.000000
171.425000 0.000000
171.475000 0.000000
171.525000 0.000000
171.575000 0.000000
171.625000 0.000000
171.675000 0.000000
171.725000 0.000000
171.775000 0.000000
171.825000 0.000000
171.875000 0.000000
171.925000 0.000000
171.975000 0.000000
172.025000 0.000000
172.075000 0.000000
172.125000 0.000000
172.175000 0.000000
172.225000 0.000000
172.275000 0.000000
172.325000 0.000000
172.375000 0.000000
172.425000 0.000000
172.475000 0.000000
172.525000 0.000000
172.575000 0.000000
172.625000 0.000000
172.675000 0.000000
172.725000 0.000000
172.775000 0.000000
172.825000 0.000000
172.875000 0.000000
172.925000 0.000000
172.975000 0.000000
173.025000 0.000000
173.075000 0.000000
173.125000 0.000000
173.175000 0.000000
173.225000 0.000000
173.275000 0.000000
173.325000 0.000000
173.375000 0.000000
173.425000 0.000000
173.475000 0.000000
173.525000 0.000000
173.575000 0.000000
173.625000 0.000000
173.675000 0.000000
173.725000 0.000000
173.775000 0.000000
173.825000 0.000000
173.875000 0.000000
173.925000 0.000000
173.975000 0.000000
174.025000 0.000000
174.075000 0.000000
174.125000 0.000000
174.175000 0.000000
174.225000 0.000000
174.275000 0.000000
174.325000 0.000000
174.375000 0.000000
174.425000 0.000000
174.475000 0.000000
174.525000 0.000000
174.575000 0.000000
174.625000 0.000000
174.675000 0.000000
174.725000 0.000000
174.775000 0.000000
174.825000 0.000000
174.875000 0.000000
174.925000 0.000000
174.975000 0.000000
175.025000 0.000000
175.075000 0.000000
175.125000 0.000000
175.175000 0.000000
175.225000 0.000000
175.275000 0.000000
175.325000 0.000000
175.375000 0.000000
175.425000 0.000000
175.475000 0.000000
175.525000 0.000000
175.575000 0.000000
175.625000 0.000000
175.675000 0.000000
175.725000 0.000000
175.775000 0.000000
175.825000 0.000000
175.875000 0.000000
175.925000 0.000000
175.975000 0.000000
176.025000 0.000000
176.075000 0.000000
176.125000 0.000000
176.175000 0.000000
176.225000 0.000000
176.275000 0.000000
176.325000 0.000000
176.375000 0.000000
176.425000 0.000000
176.475000 0.000000
176.525000 0.000000
176.575000 0.000000
176.625000 0.000000
176.675000 0.000000
176.725000 0.000000
176.775000 0.000000
176.825000 0.000000
176.875000 0.000000
176.925000 0.000000
176.975000 0.000000
177.025000 0.000000
177.075000 0.000000
177.125000 0.000000
177.175000 0.000000
177.225000 0.000000
177.275000 0.000000
177.325000 0.000000
177.375000 0.000000
177.425000 0.000000
177.475000 0.000000
177.525000 0.000000
177.575000 0.000000
177.625000 0.000000
177.675000 0.000000
177.725000 0.000000
177.775000 0.000000
177.825000 0.000000
177.875000 0.000000
177.925000 0.000000
177.975000 0.000000
178.025000 0.000000
178.075000 0.000000
178.125000 0.000000
178.175000 0.000000
178.225000 0.000000
178.275000 0.000000
178.325000 0.000000
178.375000 0.000000
178.425000 0.000000
178.475000 0.000000
178.525000 0.000000
178.575000 0.000000
178.625000 0.000000
178.675000 0.000000
178.725000 0.000000
178.775000 0.000000
178.825000 0.000000
178.875000 0.000000
178.925000 0.000000
178.975000 0.000000
179.025000 0.000000
179.075000 0.000000
179.125000 0.000000
179.175000 0.000000
179.225000 0.000000
179.275000 0.000000
179.325000 0.000000
179.375000 0.000000
179.425000 0.000000
179.475000 0.000000
179.525000 0.000000
179.575000 0.000000
179.625000 0.000000
179.675000 0.000000
179.725000 0.000000
179.775000 0.000000
179.825000 0.000000
179.875000 0.000000
179.925000 0.000000
179.975000 0.000000
180.025000 0.000000
180.075000 0.000000
180.125000 0.000000
180.175000 0.000000
180.225000 0.000000
180.275000 0.000000
180.325000 0.000000
180.375000 0.000000
180.425000 0.000000
180.475000 0.000000
180.525000 0.000000
180.575000 0.000000
180.625000 0.000000
180.675000 0.000000
180.725000 0.000000
180.775000 0.000000
180.825000 0.000000
180.875000 0.000000
180.925000 0.000000
180.975000 0.000000
181.025000 0.000000
181.075000 0.000000
181.125000 0.000000
181.175000 0.000000
181.225000 0.000000
181.275000 0.000000
181.325000 0.000000
181.375000 0.000000
181.425000 0.000000
181.475000 0.000000
181.525000 0.000000
181.575000 0.000000
181.625000 0.000000
181.675000 0.000000
181.725000 0.000000
181.775000 0.000000
181.825000 0.000000
181.875000 0.000000
181.925000 0.000000
181.975000 0.000000
182.025000 0.000000
182.075000 0.000000
182.125000 0.000000
182.175000 0.000000
182.225000 0.000000
182.275000 0.000000
182.325000 0.000000
182.375000 0.000000
182.425000 0.000000
182.475000 0.000000
182.525000 0.000000
182.575000 0.000000
182.625000 0.000000
182.675000 0.000000
182.725000 0.000000
182.775000 0.000000
182.825000 0.000000
182.875000 0.000000
182.925000 0.000000
182.975000 0.000000
183.025000 0.000000
183.075000 0.000000
183.125000 0.000000
183.175000 0.000000
183.225000 0.000000
183.275000 0.000000
183.325000 0.000000
183.375000 0.000000
183.425000 0.000000
183.475000 0.000000
183.525000 0.000000
183.575000 0.000000
183.625000 0.000000
183.675000 0.000000
183.725000 0.000000
183.775000 0.000000
183.825000 0.000000
183.875000 0.000000
183.925000 0.000000
183.975000 0.000000
184.025000 0.000000
184.075000 0.000000
184.125000 0.000000
184.175000 0.000000
184.225000 0.000000
184.275000 0.000000
184.325000 0.000000
184.375000 0.000000
184.425000 0.000000
184.475000 0.000000
184.525000 0.000000
184.575000 0.000000
184.625000 0.000000
184.675000 0.000000
184.725000 0.000000
184.775000 0.000000
184.825000 0.000000
184.875000 0.000000
184.925000 0.000000
184.975000 0.000000
185.025000 0.000000
185.075000 0.000000
185.125000 0.000000
185.175000 0.000000
185.225000 0.000000
185.275000 0.000000
185.325000 0.000000
185.375000 0.000000
185.425000 0.000000
185.475000 0.000000
185.525000 0.000000
185.575000 0.000000
185.625000 0.000000
185.675000 0.000000
185.725000 0.000000
185.775000 0.000000
185.825000 0.000000
185.875000 0.000000
185.925000 0.000000
185.975000 0.000000
186.025000 0.000000
186.075000 0.000000
186.125000 0.000000
186.175000 0.000000
186.225000 0.000000
186.275000 0.000000
186.325000 0.000000
186.375000 0.000000
186.425000 0.000000
186.475000 0.000000
186.525000 0.000000
186.575000 0.000000
186.625000 0.000000
186.675000 0.000000
186.725000 0.000000
186.775000 0.000000
186.825000 0.000000
186.875000 0.000000
186.925000 0.000000
186.975000 0.000000
187.025000 0.000000
187.075000 0.000000
187.125000 0.000000
187.175000 0.000000
187.225000 0.000000
187.275000 0.000000
187.325000 0.000000
187.375000 0.000000
187.425000 0.000000
187.475000 0.000000
187.525000 0.000000
187.575000 0.000000
187.625000 0.000000
187.675000 0.000000
187.725000 0.000000
187.775000 0.000000
187.825000 0.000000
187.875000 0.000000
187.925000 0.000000
187.975000 0.000000
188.025000 0.000000
188.075000 0.000000
188.125000 0.000000
188.175000 0.000000
188.225000 0.000000
188.275000 0.000000
188.325000 0.000000
188.375000 0.000000
188.425000 0.000000
188.475000 0.000000
188.525000 0.000000
188.575000 0.000000
188.625000 0.000000
188.675000 0.000000
188.725000 0.000000
188.775000 0.000000
188.825000 0.000000
188.875000 0.000000
188.925000 0.000000
188.975000 0.000000
189.025000 0.000000
189.075000 0.000000
189.125000 0.000000
189.175000 0.000000
189.225000 0.000000
189.275000 0.000000
189.325000 0.000000
189.375000 0.000000
189.425000 0.000000
189.475000 0.000000
189.525000 0.000000
189.575000 0.000000
189.625000 0.000000
189.675000 0.000000
189.725000 0.000000
189.775000 0.000000
189.825000 0.000000
189.875000 0.000000
189.925000 0.000000
189.975000 0.000000
190.025000 0.000000
190.075000 0.000000
190.125000 0.000000
190.175000 0.000000
190.225000 0.000000
190.275000 0.000000
190.325000 0.000000
190.375000 0.000000
190.425000 0.000000
190.475000 0.000000
190.525000 0.000000
190.575000 0.000000
190.625000 0.000000
190.675000 0.000000
190.725000 0.000000
190.775000 0.000000
190.825000 0.000000
190.875000 0.000000
190.925000 0.000000
190.975000 0.000000
191.025000 0.000000
191.075000 0.000000
191.125000 0.000000
191.175000 0.000000
191.225000 0.000000
191.275000 0.000000
191.325000 0.000000
191.375000 0.000000
191.425000 0.000000
191.475000 0.000000
191.525000 0.000000
191.575000 0.000000
191.625000 0.000000
191.675000 0.000000
191.725000 0.000000
191.775000 0.000000
191.825000 0.000000
191.875000 0.000000
191.925000 0.000000
191.975000 0.000000
192.025000 0.000000
192.075000 0.000000
192.125000 0.000000
192.175000 0.000000
192.225000 0.000000
192.275000 0.000000
192.325000 0.000000
192.375000 0.000000
192.425000 0.000000
192.475000 0.000000
192.525000 0.000000
192.575000 0.000000
192.625000 0.000000
192.675000 0.000000
192.725000 0.000000
192.775000 0.000000
192.825000 0.000000
192.875000 0.000000
192.925000 0.000000
192.975000 0.000000
193.025000 0.000000
193.075000 0.000000
193.125000 0.000000
193.175000 0.000000
193.225000 0.000000
193.275000 0.000000
193.325000 0.000000
193.375000 0.000000
193.425000 0.000000
193.475000 0.000000
193.525000 0.000000
193.575000 0.000000
193.625000 0.000000
193.675000 0.000000
193.725000 0.000000
193.775000 0.000000
193.825000 0.000000
193.875000 0.000000
193.925000 0.000000
193.975000 0.000000
194.025000 0.000000
194.075000 0.000000
194.125000 0.000000
194.175000 0.000000
194.225000 0.000000
194.275000 0.000000
194.325000 0.000000
194.375000 0.000000
194.425000 0.000000
194.475000 0.000000
194.525000 0.000000
194.575000 0.000000
194.625000 0.000000
194.675000 0.000000
194.725000 0.000000
194.775000 0.000000
194.825000 0.000000
194.875000 0.000000
194.925000 0.000000
194.975000 0.000000
195.025000 0.000000
195.075000 0.000000
195.125000 0.000000
195.175000 0.000000
195.225000 0.000000
195.275000 0.000000
195.325000 0.000000
195.375000 0.000000
195.425000 0.000000
195.475000 0.000000
195.525000 0.000000
195.575000 0.000000
195.625000 0.000000
195.675000 0.000000
195.725000 0.000000
195.775000 0.000000
195.825000 0.000000
195.875000 0.000000
195.925000 0.000000
195.975000 0.000000
196.025000 0.000000
196.075000 0.000000
196.125000 0.000000
196.175000 0.000000
196.225000 0.000000
196.275000 0.000000
196.325000 0.000000
196.375000 0.000000
196.425000 0.000000
196.475000 0.000000
196.525000 0.000000
196.575000 0.000000
196.625000 0.000000
196.675000 0.000000
196.725000 0.000000
196.775000 0.000000
196.825000 0.000000
196.875000 0.000000
196.925000 0.000000
196.975000 0.000000
197.025000 0.000000
197.075000 0.000000
197.125000 0.000000
197.175000 0.000000
197.225000 0.000000
197.275000 0.000000
197.325000 0.000000
197.375000 0.000000
197.425000 0.000000
197.475000 0.000000
197.525000 0.000000
197.575000 0.000000
197.625000 0.000000
197.675000 0.000000
197.725000 0.000000
197.775000 0.000000
197.825000 0.000000
197.875000 0.000000
197.925000 0.000000
197.975000 0.000000
198.025000 0.000000
198.075000 0.000000
198.125000 0.000000
198.175000 0.000000
198.225000 0.000000
198.275000 0.000000
198.325000 0.000000
198.375000 0.000000
198.425000 0.000000
198.475000 0.000000
198.525000 0.000000
198.575000 0.000000
198.625000 0.000000
198.675000 0.000000
198.725000 0.000000
198.775000 0.000000
198.825000 0.000000
198.875000 0.000000
198.925000 0.000000
198.975000 0.000000
199.025000 0.000000
199.075000 0.000000
199.125000 0.000000
199.175000 0.000000
199.225000 0.000000
199.275000 0.000000
199.325000 0.000000
199.375000 0.000000
199.425000 0.000000
199.475000 0.000000
199.525000 0.000000
199.575000 0.000000
199.625000 0.000000
199.675000 0.000000
199.725000 0.000000
199.775000 0.000000
199.825000 0.000000
199.875000 0.000000
199.925000 0.000000
199.975000 0.000000
200.000000 0.000000