4 -0.472034 -1.350902 -0.194863 0.344420 
8 -1.101686 0.678169 0.095887 0.018297 
16 0.966515 0.499475 -0.105192 0.020083 
32 0.089964 1.048270 0.064306 -0.009576 
64 -0.490115 1.580070 0.159733 -0.067079 
128 -0.337841 1.677675 0.164775 -0.077014 
256 -0.502143 1.724241 0.190897 -0.077023 
512 -0.523072 1.764320 0.195096 -0.079907 
1024 -0.543784 1.881386 0.201258 -0.088731 
2048 -0.483295 1.904224 0.186196 -0.094287 
4096 -0.448492 1.936276 0.189190 -0.096413 
8192 -0.509087 1.989090 0.196454 -0.099352 