6 12 -49 9 0.00009000
6 13 -49 11 0.00011100
6 14 -49 11 0.00010900
6 15 -49 15 0.00014500
6 16 -49 15 0.00014300
6 17 -49 18 0.00029100
6 18 -49 25 0.00023800
6 19 -49 25 0.00023500
6 20 -49 25 0.00020900
6 21 -49 35 0.00022800
6 22 -49 43 0.00028000
6 23 -119 53 0.00028000
6 24 -126 69 0.00028300
6 25 -126 77 0.00028700
6 26 -126 77 0.00028700
6 27 -126 96 0.00035500
6 28 -126 107 0.00035600
6 29 -126 107 0.00033300
6 30 -126 129 0.00031600
7 14 -31 7 0.00003900
7 15 -31 7 0.00003900
7 16 -31 8 0.00003800
7 17 -31 8 0.00004100
7 18 -31 8 0.00004000
7 19 -31 21 0.00008900
7 20 -113 24 0.00009000
7 21 -141 35 0.00012300
7 22 -141 35 0.00012200
7 23 -141 38 0.00013300
7 24 -141 43 0.00015100
7 25 -141 57 0.00019500
7 26 -141 86 0.00030400
7 27 -141 86 0.00030600
7 28 -141 125 0.00044200
7 29 -141 150 0.00053000
7 30 -184 177 0.00060800
7 31 -184 204 0.00070500
7 32 -184 244 0.00085600
7 33 -184 264 0.00085800
7 34 -184 337 0.00104400
7 35 -184 337 0.00104300
7 36 -184 392 0.00121800
7 37 -192 457 0.00142900
7 38 -192 457 0.00142400
7 39 -192 457 0.00142400
7 40 -192 586 0.00176700
7 41 -192 586 0.00173700
7 42 -192 651 0.00164900
8 16 -76 8 0.00004400
8 17 -76 16 0.00007500
8 18 -76 21 0.00009400
8 19 -97 24 0.00009500
8 20 -97 24 0.00009700
8 21 -97 32 0.00014300
8 22 -97 32 0.00012400
8 23 -97 32 0.00012400
8 24 -97 45 0.00016800
8 25 -97 49 0.00017000
8 26 -134 62 0.00020800
8 27 -134 68 0.00023000
8 28 -134 75 0.00023100
8 29 -134 104 0.00031800
8 30 -134 126 0.00038100
8 31 -134 182 0.00055900
8 32 -145 249 0.00073300
8 33 -148 306 0.00090000
8 34 -148 306 0.00089800
8 35 -148 356 0.00100700
8 36 -148 452 0.00129200
8 37 -148 550 0.00150000
8 38 -148 639 0.00176000
8 39 -148 770 0.00209300
8 40 -148 770 0.00205200
8 41 -148 838 0.00197100
8 42 -148 838 0.00192500
8 43 -148 839 0.00192400
8 44 -148 945 0.00211700
8 45 -148 1109 0.00291500
8 46 -173 1283 0.00301400
8 47 -173 1283 0.00293900
8 48 -173 1571 0.00458600
8 49 -173 1571 0.00422100
8 50 -173 2043 0.01094000
8 51 -173 2391 0.00714600
8 52 -173 2391 0.00580500
8 53 -173 2391 0.00520400
8 54 -173 2945 0.00625300
8 55 -173 3391 0.00974300
8 56 -216 3913 0.01023400
9 18 40 15 0.00021600
9 19 40 20 0.00025600
9 20 40 20 0.00025600
9 21 40 20 0.00025800
9 22 40 34 0.00043500
9 23 40 37 0.00047300
9 24 27 53 0.00063300
9 25 17 74 0.00091900
9 26 -40 115 0.00128200
9 27 -40 150 0.00130000
9 28 -40 212 0.00186100
9 29 -134 238 0.00158400
9 30 -134 238 0.00138200
9 31 -134 297 0.00160400
9 32 -134 436 0.00200000
9 33 -134 436 0.00203100
9 34 -134 506 0.00205600
9 35 -134 604 0.00236000
9 36 -134 693 0.00251300
9 37 -134 779 0.00287400
9 38 -134 779 0.00291300
9 39 -134 780 0.00397800
9 40 -134 1013 0.00405000
9 41 -134 1257 0.00467100
9 42 -134 1417 0.00482300
9 43 -145 1526 0.00495100
9 44 -145 1849 0.00829100
9 45 -145 1849 0.00624700
9 46 -145 2275 0.00743800
9 47 -145 2275 0.00772600
9 48 -145 2421 0.00805600
9 49 -145 2763 0.00927500
9 50 -145 3003 0.00941100
9 51 -145 3317 0.01004300
9 52 -145 3947 0.01090100
9 53 -145 4583 0.01305000
9 54 -145 5161 0.01371700
9 55 -145 5874 0.01515600
9 56 -145 6612 0.01750600
9 57 -145 6612 0.01768500
9 58 -145 6612 0.01760500
9 59 -162 7863 0.02114100
9 60 -178 9181 0.02511900
9 61 -178 9181 0.02453400
9 62 -178 10149 0.02656000
9 63 -178 10959 0.02791900
9 64 -178 13960 0.03663700
9 65 -178 13960 0.03712300
9 66 -178 16798 0.04397400
9 67 -178 16798 0.04943700
9 68 -178 19326 0.06352800
9 69 -195 21854 0.06995200
9 70 -195 21854 0.06869000
9 71 -195 25442 0.07548500
9 72 -195 27399 0.08519400
10 20 -19 9 0.00005300
10 21 -19 10 0.00005900
10 22 -19 20 0.00009600
10 23 -72 32 0.00015500
10 24 -72 34 0.00015800
10 25 -85 42 0.00018200
10 26 -85 50 0.00020800
10 27 -85 83 0.00033500
10 28 -85 83 0.00035600
10 29 -85 108 0.00045100
10 30 -85 143 0.00061300
10 31 -85 189 0.00084800
10 32 -85 289 0.00123300
10 33 -85 316 0.00123600
10 34 -85 356 0.00159300
10 35 -85 356 0.00137500
10 36 -85 387 0.00149500
10 37 -85 387 0.00147700
10 38 -85 490 0.00186400
10 39 -85 559 0.00211400
10 40 -111 743 0.00271800
10 41 -157 1014 0.00356700
10 42 -157 1087 0.00342300
10 43 -157 1087 0.00358800
10 44 -157 1257 0.00386500
10 45 -157 1351 0.00413300
10 46 -157 1565 0.00479400
10 47 -157 1565 0.00478900
10 48 -237 2120 0.00642500
10 49 -237 2526 0.00767100
10 50 -237 2893 0.00893500
10 51 -237 3591 0.01371600
10 52 -237 4017 0.01232700
10 53 -237 4750 0.01448300
10 54 -237 4750 0.01731500
10 55 -237 5342 0.01617600
10 56 -237 5342 0.01751800
10 57 -237 6696 0.02028900
10 58 -237 8710 0.02640400
10 59 -237 11278 0.03447000
10 60 -237 12385 0.03817000
10 61 -237 13305 0.03814000
10 62 -237 13305 0.03809500
10 63 -237 14629 0.04071600
10 64 -237 15907 0.04595100
10 65 -287 20002 0.05549700
10 66 -287 23207 0.06784200
10 67 -287 25767 0.07146600
10 68 -287 29190 0.08529800
10 69 -294 34493 0.10031500
10 70 -294 38153 0.11412400
10 71 -294 42354 0.12529100
10 72 -294 42354 0.11858300
10 73 -294 42354 0.11872400
10 74 -294 49626 0.14492800
10 75 -294 61133 0.18090700
10 76 -294 69682 0.20363200
10 77 -294 79671 0.28255000
10 78 -294 84138 0.27058200
10 79 -294 84138 0.26898300
10 80 -294 84139 0.26558000
10 81 -294 84139 0.27775100
10 82 -294 96569 0.30328500
10 83 -294 108665 0.33164900
10 84 -294 122637 0.37399200
10 85 -294 141099 0.40784200
10 86 -294 157061 0.45491800
10 87 -294 175491 0.52150100
10 88 -294 195715 0.57149200
10 89 -294 195715 0.55941500
10 90 -294 219201 0.62961200
11 22 -74 18 0.00015300
11 23 -100 24 0.00016000
11 24 -100 26 0.00017500
11 25 -151 39 0.00023800
11 26 -151 48 0.00027600
11 27 -151 48 0.00027700
11 28 -151 54 0.00027600
11 29 -151 66 0.00034100
11 30 -151 81 0.00039700
11 31 -151 81 0.00039600
11 32 -151 113 0.00057400
11 33 -151 114 0.00058700
11 34 -151 114 0.00056400
11 35 -151 243 0.00107000
11 36 -335 421 0.00181900
11 37 -335 521 0.00227800
11 38 -335 708 0.00310600
11 39 -335 842 0.00371500
11 40 -335 926 0.00506100
11 41 -335 926 0.00439900
11 42 -335 1405 0.00647700
11 43 -335 1551 0.00656700
11 44 -335 1912 0.01176800
11 45 -335 2409 0.01495000
11 46 -335 2649 0.01076100
11 47 -335 3354 0.01297400
11 48 -335 4423 0.01810700
11 49 -335 4423 0.01866700
11 50 -335 5573 0.02328700
11 51 -335 5573 0.02413200
11 52 -335 6635 0.02632200
11 53 -335 8356 0.03547000
11 54 -335 9934 0.04594100
11 55 -335 11762 0.04801100
11 56 -335 13315 0.05970200
11 57 -335 15516 0.06243700
11 58 -335 15516 0.06464800
11 59 -335 19310 0.07952800
11 60 -335 22523 0.09839300
11 61 -335 26790 0.11066600
11 62 -335 31021 0.13551100
11 63 -335 36469 0.15499300
11 64 -335 42666 0.17553800
11 65 -335 46327 0.18227300
11 66 -335 49848 0.17794300
11 67 -335 49848 0.18614700
11 68 -335 57115 0.21890700
11 69 -335 57115 0.20166500
11 70 -335 62959 0.23114000
11 71 -335 62959 0.22712300
11 72 -335 69765 0.25594100
11 73 -335 78325 0.30333900
11 74 -335 90358 0.33597900
11 75 -335 104135 0.38731400
11 76 -335 118605 0.44042500
11 77 -335 132964 0.48885800
11 78 -335 140480 0.51010000
11 79 -335 155246 0.55604400
11 80 -335 173885 0.61384400
11 81 -335 195756 0.69939800
11 82 -335 218400 0.79604200
11 83 -335 218400 0.80477000
11 84 -335 218401 0.79024700
11 85 -335 263869 0.95355300
11 86 -335 263869 0.94214200
11 87 -335 299244 1.08417300
11 88 -335 299244 1.10269400
11 89 -335 343202 1.30604400
11 90 -335 343202 1.29208200
11 91 -367 389946 1.45854500
11 92 -367 433392 1.63742900
11 93 -367 500762 1.86827100
11 94 -367 569209 2.12284900
11 95 -367 569209 2.15273000
11 96 -367 637143 2.40079800
11 97 -367 713629 2.73261000
11 98 -367 804976 3.09644200
11 99 -367 896323 3.47891500
11 100 -367 896323 3.51074100
11 101 -367 995345 3.91923800
11 102 -367 1094315 4.33446700
11 103 -367 1203965 4.80567700
11 104 -367 1327935 5.31031700
11 105 -367 1413723 5.31213900
11 106 -367 1561815 5.88553200
11 107 -367 1753617 6.63503100
11 108 -367 1753617 6.60218000
11 109 -367 1972819 7.53560000
11 110 -367 1972819 7.52132700
12 24 -207 11 0.00007700
12 25 -207 12 0.00008600
12 26 -207 12 0.00008500
12 27 -207 12 0.00008500
12 28 -207 12 0.00008300
12 29 -207 31 0.00020900
12 30 -207 39 0.00026500
12 31 -207 47 0.00026700
12 32 -207 57 0.00032400
12 33 -207 73 0.00039700
12 34 -207 80 0.00043400
12 35 -207 80 0.00046000
12 36 -207 126 0.00070400
12 37 -207 237 0.00134300
12 38 -207 237 0.00137400
12 39 -297 331 0.00201000
12 40 -297 385 0.00240800
12 41 -297 481 0.00279500
12 42 -297 697 0.00452400
12 43 -297 812 0.00501700
12 44 -297 1316 0.00870700
12 45 -297 1531 0.01044700
12 46 -297 1665 0.01029600
12 47 -297 1665 0.01038700
12 48 -297 2062 0.01291900
12 49 -297 2062 0.01295900
12 50 -297 2221 0.01271400
12 51 -297 2688 0.01581100
12 52 -297 2929 0.01566500
12 53 -297 3456 0.01842000
12 54 -297 3903 0.02006200
12 55 -297 5115 0.02726300
12 56 -297 5115 0.02712700
12 57 -297 5650 0.03039600
12 58 -297 7403 0.03917900
12 59 -297 8027 0.04185500
12 60 -323 12309 0.06652200
12 61 -323 14566 0.07453800
12 62 -323 17647 0.08699300
12 63 -323 20831 0.09184600
12 64 -323 25985 0.12266300
12 65 -323 29537 0.14351000
12 66 -323 35551 0.17654300
12 67 -323 39479 0.20584000
12 68 -323 48434 0.24395300
12 69 -323 57752 0.27894900
12 70 -323 57752 0.28660900
12 71 -323 65393 0.32304600
12 72 -323 72055 0.35927700
12 73 -323 83090 0.40718100
12 74 -323 83090 0.41686400
12 75 -323 95835 0.46160300
12 76 -323 112547 0.55448800
12 77 -323 132455 0.67654200
12 78 -323 153222 0.76854400
12 79 -323 179957 0.92851300
12 80 -323 196995 1.01430600
12 81 -323 227749 1.14944100
12 82 -323 267934 1.36889800
12 83 -323 305286 1.55593700
12 84 -323 353347 1.78563700
12 85 -323 398691 2.04557400
12 86 -323 443350 2.28498000
12 87 -323 503254 2.57036400
12 88 -323 554277 2.87203600
12 89 -323 586286 2.86358600
12 90 -346 658099 3.24517200
12 91 -346 658099 3.22757100
12 92 -346 784328 3.82142500
12 93 -346 877761 4.29827700
12 94 -346 978398 4.76240800
12 95 -346 978398 4.77884100
12 96 -351 1110448 5.45131400
12 97 -351 1110448 5.46946200
12 98 -351 1225266 6.04924400
12 99 -351 1345836 6.65752900
12 100 -351 1486802 7.36064900
12 101 -351 1729396 8.52450000
12 102 -351 1951991 9.42696000
12 103 -351 2198146 10.75880400
12 104 -351 2198146 10.62962400
12 105 -351 2431742 13.11723400
12 106 -351 2677370 12.98710000
12 107 -351 2929733 14.20727600
12 108 -351 3135406 15.19680600
12 109 -351 3433208 16.61337200
12 110 -351 3433208 16.54249100
12 111 -351 3433208 16.47467800
12 112 -351 3881000 18.82351500
12 113 -351 4211680 21.15681600
12 114 -351 4602069 22.09838500
12 115 -375 5210059 25.57378800
12 116 -375 5737085 29.65441000
12 117 -375 6256625 30.31811700
13 26 -126 24 0.00022300
13 27 -126 31 0.00025700
13 28 -126 47 0.00040100
13 29 -126 47 0.00036500
13 30 -126 59 0.00046300
13 31 -126 91 0.00072300
13 32 -126 144 0.00117500
13 33 -126 179 0.00144600
13 34 -126 241 0.00304000
13 35 -166 422 0.00340000
13 36 -166 422 0.00325100
13 37 -166 521 0.00407200
13 38 -166 653 0.00504800
13 39 -166 884 0.00724700
13 40 -166 1239 0.01050100
13 41 -166 1394 0.01159000
13 42 -166 1550 0.01214100
13 43 -166 2132 0.01606100
13 44 -166 2329 0.02340300
13 45 -166 2959 0.02408800
13 46 -166 3527 0.02680800
13 47 -166 4075 0.02656100
13 48 -166 4708 0.03989300
13 49 -166 5530 0.04241900
13 50 -166 5530 0.04049600
13 51 -166 8310 0.06154100
13 52 -166 9827 0.07399900
13 53 -166 11437 0.08801500
13 54 -166 11437 0.08458800
13 55 -166 13075 0.10051400
13 56 -166 16034 0.12060000
13 57 -166 18253 0.13626900
13 58 -166 21916 0.16595800
13 59 -166 24637 0.19113200
13 60 -166 29793 0.23193300
13 61 -166 37337 0.29562300
13 62 -166 41174 0.32512000
13 63 -166 52843 0.41402600
13 64 -166 59743 0.47167200
13 65 -166 74128 0.59513900
13 66 -166 88064 0.68690100
13 67 -166 112413 0.89453500
13 68 -166 126583 0.99172700
13 69 -166 139500 1.10844000
13 70 -166 139500 1.11229800
13 71 -166 139501 1.12335800
13 72 -425 147775 1.35290600
13 73 -460 159847 1.24801300
13 74 -460 178519 1.27358600
13 75 -460 203391 1.46129500
13 76 -460 203391 1.42274100
13 77 -460 257892 1.79619700
13 78 -460 275210 1.78029700
13 79 -460 316293 2.08151900
13 80 -460 316293 2.11223400
13 81 -460 365621 2.39854400
13 82 -460 420818 2.78149700
13 83 -460 498672 3.32447200
13 84 -460 605468 4.01484100
13 85 -460 697693 4.56030500
13 86 -460 779205 5.04883600
13 87 -460 904446 5.93969900
13 88 -460 1020634 6.90497400
13 89 -460 1155828 7.70315000
13 90 -460 1155828 8.09448900
13 91 -460 1299998 9.00044400
13 92 -460 1395786 9.09439200
13 93 -460 1538331 9.96249200
13 94 -460 1862475 12.96344900
13 95 -460 1862475 12.41524700
13 96 -460 2143657 14.18936700
13 97 -460 2356284 15.78857700
13 98 -461 2720567 18.36785400
13 99 -461 2960419 19.24525500
13 100 -521 3440136 22.07769000
13 101 -521 3773672 24.49182900
13 102 -521 3773672 24.21545500
13 103 -521 4357328 27.79196600
13 104 -521 4357328 27.79056100
13 105 -521 4357328 27.70862600
13 106 -521 4933394 31.35240900
14 28 52 14 0.00012900
14 29 14 21 0.00025700
14 30 14 33 0.00027900
14 31 14 39 0.00030000
14 32 14 60 0.00042400
14 33 14 74 0.00053200
14 34 -56 108 0.00073800
14 35 -70 117 0.00069800
14 36 -96 153 0.00094700
14 37 -96 243 0.00146400
14 38 -96 300 0.00195600
14 39 -205 323 0.00195800
14 40 -205 355 0.00209700
14 41 -205 355 0.00196500
14 42 -205 356 0.00205100
14 43 -205 387 0.00229400
14 44 -205 428 0.00263100
14 45 -253 629 0.00410100
14 46 -492 944 0.00627800
14 47 -492 1156 0.00810000
14 48 -492 1275 0.00932700
14 49 -492 1430 0.01053600
14 50 -492 1741 0.01300100
14 51 -492 2355 0.01467600
14 52 -492 2978 0.01968700
14 53 -492 4663 0.03128700
14 54 -492 4663 0.03427400
14 55 -492 5571 0.03681900
14 56 -492 6385 0.04414600
14 57 -492 7591 0.05965100
14 58 -492 8003 0.06159300
14 59 -492 12231 0.08209300
14 60 -520 13338 0.08394000
14 61 -520 18103 0.11352600
14 62 -520 21038 0.14057800
14 63 -520 26264 0.17229800
14 64 -520 26264 0.17617500
14 65 -520 33768 0.21834900
14 66 -520 33768 0.22684500
14 67 -520 39383 0.26453300
14 68 -520 47009 0.32186900
14 69 -520 59137 0.40737400
14 70 -520 59137 0.39394100
14 71 -520 59137 0.39467800
14 72 -520 73708 0.50434600
14 73 -525 84473 0.55756700
14 74 -525 94428 0.62828700
14 75 -525 104913 0.69083600
14 76 -525 120522 0.80942700
14 77 -525 120522 0.79372000
14 78 -525 145029 0.99894800
14 79 -525 166641 1.11442000
14 80 -525 192487 1.25745200
14 81 -525 192487 1.26158400
14 82 -525 216443 1.44438400
14 83 -525 245762 1.63263900
14 84 -525 295165 1.99600200
14 85 -525 378006 2.54610900
14 86 -525 428818 2.89657600
14 87 -525 428818 2.86958400
14 88 -525 566983 3.78128900
14 89 -525 661732 4.39402700
14 90 -525 903062 5.84205800
14 91 -582 1000911 6.54024100
14 92 -582 1197499 7.97866000
14 93 -582 1290629 7.95051100
14 94 -582 1559879 9.45954300
14 95 -582 1743288 10.80245000
14 96 -582 1877458 11.66555300
14 97 -582 1877458 11.50611000
14 98 -582 1877458 11.60177100
14 99 -582 2114788 13.09288500
14 100 -582 2635459 16.25031200
14 101 -582 2955017 18.50368200
14 102 -582 3303901 20.54813600
14 103 -582 4151435 25.67094500
14 104 -582 4931339 30.77376300
15 30 -184 27 0.00029400
15 31 -184 34 0.00036300
15 32 -184 46 0.00051100
15 33 -184 57 0.00056400
15 34 -299 62 0.00055000
15 35 -299 90 0.00080000
15 36 -299 91 0.00079600
15 37 -299 91 0.00085900
15 38 -299 143 0.00131400
15 39 -299 206 0.00183800
15 40 -299 264 0.00240900
15 41 -299 298 0.00276400
15 42 -299 367 0.00354600
15 43 -299 495 0.00480100
15 44 -378 590 0.00584200
15 45 -378 590 0.00597100
15 46 -378 1124 0.01217200
15 47 -378 1611 0.01905900
15 48 -380 2208 0.01934900
15 49 -380 2730 0.02293300
15 50 -380 3520 0.03301300
15 51 -380 4230 0.03347200
15 52 -380 6290 0.07068800
15 53 -449 7867 0.08189500
15 54 -449 7867 0.07751700
15 55 -494 8867 0.08907100
15 56 -494 9525 0.08854400
15 57 -494 9525 0.08709700
15 58 -494 12666 0.10335000
15 59 -494 16780 0.12845600
15 60 -494 16780 0.12552800
15 61 -494 19792 0.15633900
15 62 -494 20773 0.14368300
15 63 -494 22103 0.16495200
15 64 -494 27868 0.21373000
15 65 -494 35028 0.24450400
15 66 -581 44584 0.31794700
15 67 -612 52209 0.38412900
15 68 -612 61223 0.46352500
15 69 -612 77195 0.58115100
15 70 -612 77195 0.58377900
15 71 -612 89280 0.66151700
15 72 -612 110952 0.83947000
15 73 -636 143479 1.06813600
15 74 -636 167075 1.21451300
15 75 -660 210347 1.53686700
15 76 -660 252777 1.84972700
15 77 -660 286613 2.09808300
15 78 -660 399827 2.85451100
15 79 -660 479980 3.42122300
15 80 -660 550911 3.95164400
15 81 -660 597938 4.33475900
15 82 -667 680188 4.94982500
15 83 -667 922874 6.79761200
15 84 -667 922874 6.77057000
15 85 -667 1128361 8.23804700
15 86 -684 1203981 8.47005200
15 87 -684 1391445 9.85439700
15 88 -684 1540156 10.69297100
15 89 -684 1635252 10.55046000
15 90 -684 1814534 11.62526200
15 91 -684 2194028 14.21970300
15 92 -684 2194028 14.18113300
15 93 -684 2478645 16.70965400
15 94 -684 2478645 17.18986600
15 95 -684 2740281 18.89477600
15 96 -706 3140838 21.39130600
15 97 -706 3790614 30.00047900
16 32 -72 15 0.00015500
16 33 -72 26 0.00026300
16 34 -258 36 0.00033700
16 35 -258 37 0.00035100
16 36 -258 37 0.00034700
16 37 -258 45 0.00038900
16 38 -258 55 0.00049700
16 39 -258 61 0.00054600
16 40 -258 122 0.00108000
16 41 -367 170 0.00154700
16 42 -367 228 0.00208600
16 43 -367 288 0.00265200
16 44 -423 342 0.00316300
16 45 -423 342 0.00331300
16 46 -423 422 0.00400400
16 47 -423 686 0.00678700
16 48 -423 750 0.00748700
16 49 -423 1118 0.01132600
16 50 -423 1388 0.01346900
16 51 -423 1764 0.01632300
16 52 -423 1764 0.01528800
16 53 -423 1764 0.01563700
16 54 -423 2852 0.02711600
16 55 -423 3601 0.03260600
16 56 -423 4823 0.04519700
16 57 -423 6935 0.06277000
16 58 -423 9231 0.08638600
16 59 -423 12492 0.11185900
16 60 -423 14932 0.13455800
16 61 -423 17565 0.16554500
16 62 -423 21011 0.19884700
16 63 -535 22329 0.20138800
16 64 -535 28053 0.24974500
16 65 -535 34228 0.30876700
16 66 -535 34228 0.31430800
16 67 -535 34229 0.29618300
16 68 -535 35185 0.32329900
16 69 -535 46010 0.44404600
16 70 -535 61992 0.54258200
16 71 -535 64072 0.70643500
16 72 -535 70201 0.72620200
16 73 -535 81442 0.91545000
16 74 -535 95164 0.94084100
16 75 -535 109634 0.99189500
16 76 -535 127355 1.11826000
16 77 -535 158815 1.33176700
16 78 -535 158815 1.37806600
16 79 -535 235482 2.18218600
16 80 -535 235482 2.16744200
16 81 -535 285410 2.35337200
16 82 -535 324931 2.81083200
16 83 -535 430466 3.70903100
16 84 -544 530724 4.99596100
16 85 -544 604636 5.13185800
16 86 -544 706152 5.91921700
16 87 -544 808176 6.77567300
16 88 -544 868189 7.26106100
16 89 -544 1025287 8.74701000
16 90 -544 1143726 9.69535800
16 91 -544 1508272 12.68925800
16 92 -567 1868281 15.86603200
16 93 -567 1868281 16.13171400
16 94 -567 2134356 18.27173100
16 95 -567 2568517 21.68815000
16 96 -567 2866921 24.31912400
16 97 -567 2866921 25.53845400
16 98 -567 3229983 27.61898800
16 99 -567 3458473 28.91440000
16 100 -567 3908676 29.45787000
16 101 -567 4246676 31.80528000
17 34 48 16 0.00022600
17 35 -107 24 0.00032600
17 36 -107 26 0.00037200
17 37 -107 26 0.00035300
17 38 -107 35 0.00051700
17 39 -107 35 0.00047200
17 40 -150 67 0.00087600
17 41 -150 67 0.00072400
17 42 -150 106 0.00111500
17 43 -150 106 0.00111200
17 44 -150 110 0.00115900
17 45 -150 238 0.00239000
17 46 -150 238 0.00246800
17 47 -150 425 0.00451900
17 48 -150 527 0.00521700
17 49 -150 527 0.00446400
17 50 -150 649 0.00589200
17 51 -150 788 0.00839100
17 52 -150 1186 0.01090400
17 53 -312 1685 0.01644200
17 54 -322 2217 0.02454300
17 55 -322 3273 0.03633200
17 56 -330 3890 0.03886600
17 57 -330 3890 0.03605600
17 58 -330 4542 0.04709800
17 59 -330 4542 0.04929900
17 60 -330 4542 0.04502000
17 61 -330 4542 0.04705300
17 62 -330 5519 0.05346600
17 63 -345 6492 0.06648300
17 64 -345 10200 0.10390300
17 65 -345 12026 0.12116200
17 66 -345 14190 0.14060600
17 67 -442 23287 0.23005600
17 68 -442 23287 0.23413500
17 69 -442 28910 0.29092600
17 70 -442 34667 0.36077000
17 71 -442 42303 0.43016100
17 72 -442 63002 0.64230200
17 73 -442 72222 0.73880300
17 74 -442 79247 0.84692800
17 75 -442 102835 1.02909500
17 76 -442 108687 1.12478500
17 77 -442 108687 1.08945200
17 78 -442 144361 1.46799400
17 79 -442 179925 1.85058200
17 80 -442 194883 1.84114900
17 81 -442 218634 2.09641300
17 82 -442 279871 2.64969100
17 83 -442 357910 3.43696700
17 84 -463 431476 4.15948600
17 85 -463 500174 4.82736600
17 86 -463 587939 5.67579900
17 87 -463 724089 7.14541200
17 88 -463 759536 6.98999600
17 89 -463 870759 8.30213500
17 90 -463 948667 8.87398200
17 91 -463 1099263 10.02995600
17 92 -463 1289975 11.77677100
17 93 -463 1289976 11.66773100
17 94 -463 1889990 17.05774700
17 95 -463 2228820 20.02678700
17 96 -463 2583771 23.06851300
17 97 -467 2771365 23.40372500
17 98 -467 3860704 32.07723100
18 36 294 18 0.00026300
18 37 294 19 0.00025300
18 38 294 19 0.00023000
18 39 159 26 0.00030200
18 40 159 26 0.00030200
18 41 159 26 0.00031400
18 42 51 90 0.00099100
18 43 51 125 0.00142000
18 44 51 125 0.00142200
18 45 51 157 0.00179400
18 46 18 198 0.00246200
18 47 18 282 0.00339400
18 48 18 337 0.00404300
18 49 18 516 0.00619300
18 50 18 758 0.00801700
18 51 18 838 0.00863200
18 52 18 1035 0.01050200
18 53 18 1035 0.01081300
18 54 -309 1843 0.02026500
18 55 -309 1953 0.02109600
18 56 -342 3108 0.03267000
18 57 -342 3514 0.03801400
18 58 -377 4643 0.05210600
18 59 -377 6376 0.07697200
18 60 -377 7428 0.08539100
18 61 -377 9749 0.10324200
18 62 -377 11797 0.12778400
18 63 -560 16802 0.18466300
18 64 -560 17177 0.18403300
18 65 -560 17177 0.19033600
18 66 -560 21435 0.22640700
18 67 -560 28120 0.30285400
18 68 -560 31193 0.33585000
18 69 -560 47691 0.51613700
18 70 -570 57219 0.62180600
18 71 -570 76818 0.84143700
18 72 -600 98634 1.07675300
18 73 -600 113570 1.24793000
18 74 -600 139187 1.53391800
18 75 -600 168353 1.82672000
18 76 -600 176162 1.82591700
18 77 -600 224114 2.37449200
18 78 -600 239846 2.51946400
18 79 -600 271316 2.80768100
18 80 -600 382122 4.01191400
18 81 -600 522213 5.59337900
18 82 -600 674794 7.28827000
18 83 -600 812078 8.89672000
18 84 -658 976070 10.33222000
18 85 -696 1223691 12.79137900
18 86 -696 1600325 16.63739200
18 87 -696 1959582 20.48318500
18 88 -696 2202617 22.80759300
18 89 -696 2501615 25.84418800
18 90 -696 2751305 28.61758200
18 91 -696 2751305 29.04817300
18 92 -696 3225223 33.68700100
19 38 243 35 0.00077800
19 39 243 51 0.00158300
19 40 -21 65 0.00198600
19 41 -21 88 0.00214400
19 42 -21 137 0.00292800
19 43 -21 137 0.00220100
19 44 -21 197 0.00286800
19 45 -21 272 0.00358300
19 46 -21 272 0.00320900
19 47 -88 584 0.00743700
19 48 -88 671 0.00902600
19 49 -88 735 0.00775600
19 50 -88 876 0.00946000
19 51 -88 1129 0.01368000
19 52 -88 1481 0.01794800
19 53 -157 2398 0.02742400
19 54 -359 2676 0.02684400
19 55 -359 2910 0.02730100
19 56 -448 3488 0.03349300
19 57 -511 4517 0.04641600
19 58 -511 4930 0.04730300
19 59 -511 5967 0.05771400
19 60 -597 6371 0.06377100
19 61 -597 7784 0.07207600
19 62 -597 8566 0.08083400
19 63 -597 12909 0.12693800
19 64 -597 12909 0.11531800
19 65 -678 22823 0.21416500
19 66 -678 26772 0.25286200
19 67 -678 30311 0.27843000
19 68 -678 40656 0.39307100
19 69 -678 56868 0.52918700
19 70 -678 69346 0.66770500
19 71 -678 91302 0.90298800
19 72 -678 110189 1.09158000
19 73 -678 124970 1.23058800
19 74 -678 147490 1.45075100
19 75 -678 172657 1.74797400
19 76 -678 206800 2.15513800
19 77 -678 233300 2.40252500
19 78 -678 266044 2.64014400
19 79 -678 266044 2.66517200
19 80 -678 311902 3.28480200
19 81 -678 335207 3.46347900
19 82 -678 391927 3.93084400
19 83 -678 434515 4.30391900
19 84 -678 527430 5.19772900
19 85 -678 686439 6.73504400
19 86 -678 875048 8.78580400
19 87 -678 1132921 11.50869000
19 88 -678 1194247 12.05613300
19 89 -678 1376893 15.11149600
19 90 -678 1436921 16.48587500
19 91 -678 1681949 15.03516400
19 92 -678 2227017 23.19421800
19 93 -678 2700535 30.00821600
20 40 38 20 0.00030500
20 41 38 36 0.00054300
20 42 38 44 0.00069200
20 43 38 54 0.00075300
20 44 38 71 0.00092900
20 45 18 83 0.00104500
20 46 18 83 0.00104600
20 47 18 115 0.00149800
20 48 18 151 0.00200700
20 49 18 241 0.00336800
20 50 18 340 0.00493400
20 51 -70 396 0.00522500
20 52 -141 523 0.00659800
20 53 -141 523 0.00725500
20 54 -141 906 0.01370000
20 55 -239 1338 0.01866200
20 56 -239 1764 0.02510000
20 57 -239 1902 0.03147000
20 58 -239 2970 0.04757000
20 59 -285 3600 0.05664900
20 60 -285 5425 0.09660300
20 61 -285 6914 0.09846500
20 62 -285 9475 0.13148700
20 63 -285 9475 0.12796800
20 64 -285 12383 0.17125600
20 65 -285 12383 0.18415500
20 66 -285 13775 0.19017100
20 67 -308 18344 0.27980000
20 68 -308 19997 0.27939800
20 69 -308 25565 0.34329500
20 70 -308 34110 0.44705700
20 71 -308 42692 0.60842700
20 72 -380 48094 0.65865400
20 73 -380 54397 0.72586200
20 74 -380 75175 1.04350700
20 75 -380 90061 1.23124800
20 76 -380 101338 1.40707600
20 77 -380 101338 1.34463900
20 78 -380 101338 1.37223800
20 79 -380 136267 2.12519300
20 80 -380 164398 2.26748700
20 81 -380 216226 3.59282300
20 82 -380 273461 4.18136600
20 83 -380 273461 3.96736700
20 84 -380 322664 4.87685700
20 85 -435 498184 7.77522300
20 86 -435 687397 10.94012000
20 87 -435 775497 11.35997500
20 88 -435 1112346 15.91885600
20 89 -435 1175206 16.38831300
20 90 -435 1489423 20.89626500
20 91 -435 1666412 21.82294600
20 92 -435 2058527 25.99239100
20 93 -435 2464496 30.84505800
