6 12 -49 9 0.00009200
6 13 -49 11 0.00011200
6 14 -49 11 0.00010900
6 15 -49 15 0.00014500
6 16 -49 15 0.00014500
6 17 -49 18 0.00017700
6 18 -49 25 0.00024200
6 19 -49 25 0.00023800
6 20 -49 25 0.00023600
6 21 -49 35 0.00032500
6 22 -49 43 0.00040500
6 23 -119 50 0.00037800
6 24 -126 65 0.00037900
6 25 -126 73 0.00044900
6 26 -126 73 0.00038100
6 27 -126 92 0.00047300
6 28 -126 102 0.00047900
6 29 -126 102 0.00047800
6 30 -126 118 0.00054000
7 14 -31 7 0.00007800
7 15 -31 7 0.00007700
7 16 -31 8 0.00007600
7 17 -31 8 0.00007900
7 18 -31 8 0.00007600
7 19 -31 20 0.00016400
7 20 -113 21 0.00015500
7 21 -141 27 0.00017700
7 22 -141 27 0.00017700
7 23 -141 30 0.00019600
7 24 -141 33 0.00020700
7 25 -141 41 0.00023900
7 26 -141 50 0.00027200
7 27 -141 50 0.00020900
7 28 -141 83 0.00033700
7 29 -141 102 0.00044700
7 30 -184 93 0.00035800
7 31 -184 113 0.00045100
7 32 -184 130 0.00052400
7 33 -184 142 0.00052300
7 34 -184 189 0.00069800
7 35 -184 189 0.00051400
7 36 -184 205 0.00053800
7 37 -192 238 0.00063300
7 38 -192 238 0.00063100
7 39 -192 238 0.00063300
7 40 -192 287 0.00070700
7 41 -192 287 0.00070700
7 42 -192 317 0.00070800
8 16 -76 8 0.00006200
8 17 -76 16 0.00008300
8 18 -76 21 0.00010700
8 19 -97 24 0.00010500
8 20 -97 24 0.00010400
8 21 -97 32 0.00014300
8 22 -97 32 0.00014200
8 23 -97 32 0.00014200
8 24 -97 36 0.00015400
8 25 -97 39 0.00015500
8 26 -134 46 0.00017300
8 27 -134 52 0.00019600
8 28 -134 58 0.00019000
8 29 -134 86 0.00028600
8 30 -134 95 0.00029200
8 31 -134 109 0.00032400
8 32 -145 147 0.00041300
8 33 -148 177 0.00051800
8 34 -148 177 0.00051400
8 35 -148 202 0.00058300
8 36 -148 223 0.00058700
8 37 -148 287 0.00071800
8 38 -148 312 0.00074300
8 39 -148 345 0.00078600
8 40 -148 345 0.00078600
8 41 -148 363 0.00078600
8 42 -148 363 0.00078200
8 43 -148 364 0.00077400
8 44 -148 393 0.00081500
8 45 -148 461 0.00096100
8 46 -173 500 0.00102300
8 47 -173 500 0.00097600
8 48 -173 537 0.00102000
8 49 -173 537 0.00101400
8 50 -173 753 0.00138200
8 51 -173 837 0.00153300
8 52 -173 837 0.00156100
8 53 -173 837 0.00147500
8 54 -173 915 0.00156800
8 55 -173 978 0.00159900
8 56 -216 1115 0.00188300
9 18 40 15 0.00010400
9 19 40 20 0.00009400
9 20 40 20 0.00009800
9 21 40 20 0.00011000
9 22 40 34 0.00018100
9 23 40 37 0.00018900
9 24 27 53 0.00026400
9 25 17 74 0.00036800
9 26 -40 106 0.00043700
9 27 -40 147 0.00064200
9 28 -40 192 0.00081300
9 29 -134 109 0.00035000
9 30 -134 109 0.00034900
9 31 -134 156 0.00051300
9 32 -134 203 0.00063500
9 33 -134 203 0.00063400
9 34 -134 230 0.00072700
9 35 -134 248 0.00075600
9 36 -134 282 0.00085500
9 37 -134 296 0.00087300
9 38 -134 296 0.00087200
9 39 -134 297 0.00087600
9 40 -134 395 0.00134000
9 41 -134 493 0.00164200
9 42 -134 541 0.00161500
9 43 -145 488 0.00131200
9 44 -145 508 0.00127500
9 45 -145 508 0.00127300
9 46 -145 509 0.00126700
9 47 -145 509 0.00126600
9 48 -145 528 0.00127100
9 49 -145 567 0.00137100
9 50 -145 630 0.00144800
9 51 -145 679 0.00152000
9 52 -145 764 0.00170600
9 53 -145 810 0.00175100
9 54 -145 886 0.00178600
9 55 -145 916 0.00196800
9 56 -145 987 0.00182200
9 57 -145 987 0.00192900
9 58 -145 987 0.00187400
9 59 -162 1720 0.00324100
9 60 -178 1665 0.00319800
9 61 -178 1665 0.00347300
9 62 -178 1792 0.00371900
9 63 -178 1849 0.00337400
9 64 -178 2251 0.00443200
9 65 -178 2251 0.00467800
9 66 -178 2640 0.00646800
9 67 -178 2640 0.00561500
9 68 -178 2986 0.00686900
9 69 -195 3478 0.00946300
9 70 -195 3478 0.01094300
9 71 -195 3707 0.01119200
9 72 -195 3822 0.00875900
10 20 -19 9 0.00006700
10 21 -19 10 0.00006700
10 22 -19 20 0.00012200
10 23 -72 32 0.00018400
10 24 -72 34 0.00031100
10 25 -85 42 0.00030300
10 26 -85 50 0.00036400
10 27 -85 78 0.00052100
10 28 -85 78 0.00047000
10 29 -85 103 0.00055600
10 30 -85 129 0.00072200
10 31 -85 170 0.00090800
10 32 -85 243 0.00112300
10 33 -85 265 0.00116600
10 34 -85 294 0.00124000
10 35 -85 294 0.00131500
10 36 -85 311 0.00133200
10 37 -85 311 0.00139400
10 38 -85 400 0.00189800
10 39 -85 458 0.00196000
10 40 -111 529 0.00223300
10 41 -157 639 0.00243400
10 42 -157 670 0.00251700
10 43 -157 670 0.00270300
10 44 -157 757 0.00320500
10 45 -157 828 0.00296100
10 46 -157 937 0.00330200
10 47 -157 937 0.00329300
10 48 -237 847 0.00301300
10 49 -237 942 0.00317300
10 50 -237 1087 0.00339200
10 51 -237 1368 0.00417800
10 52 -237 1392 0.00443000
10 53 -237 1568 0.00490500
10 54 -237 1568 0.00456100
10 55 -237 1600 0.00489900
10 56 -237 1600 0.00485300
10 57 -237 1777 0.00487300
10 58 -237 2195 0.00610800
10 59 -237 2587 0.00712600
10 60 -237 2746 0.00703400
10 61 -237 2856 0.00743800
10 62 -237 2856 0.00686700
10 63 -237 3038 0.00758200
10 64 -237 3237 0.00759500
10 65 -287 4160 0.00903100
10 66 -287 4569 0.00999300
10 67 -287 5258 0.01188100
10 68 -287 5611 0.01199400
10 69 -294 4003 0.00772700
10 70 -294 4156 0.00746600
10 71 -294 4633 0.00793300
10 72 -294 4633 0.00787700
10 73 -294 4633 0.00776700
10 74 -294 5350 0.00887500
10 75 -294 6056 0.01048900
10 76 -294 7046 0.01168900
10 77 -294 7361 0.01191600
10 78 -294 7601 0.01208500
10 79 -294 7601 0.01237500
10 80 -294 7602 0.01244600
10 81 -294 7602 0.01239400
10 82 -294 8018 0.01272000
10 83 -294 8524 0.01343000
10 84 -294 8884 0.01512700
10 85 -294 8997 0.01545900
10 86 -294 9539 0.01524900
10 87 -294 10254 0.01522400
10 88 -294 10539 0.01607900
10 89 -294 10539 0.01597600
10 90 -294 10819 0.01564000
11 22 -74 18 0.00013200
11 23 -100 24 0.00016500
11 24 -100 26 0.00018300
11 25 -151 39 0.00027100
11 26 -151 48 0.00031600
11 27 -151 48 0.00031500
11 28 -151 54 0.00031400
11 29 -151 66 0.00036000
11 30 -151 81 0.00044600
11 31 -151 81 0.00045200
11 32 -151 105 0.00054300
11 33 -151 106 0.00054600
11 34 -151 106 0.00055800
11 35 -151 228 0.00104700
11 36 -335 300 0.00123300
11 37 -335 355 0.00145700
11 38 -335 461 0.00184400
11 39 -335 497 0.00196300
11 40 -335 544 0.00184900
11 41 -335 544 0.00184300
11 42 -335 935 0.00342900
11 43 -335 1014 0.00343500
11 44 -335 1214 0.00421300
11 45 -335 1439 0.00495400
11 46 -335 1562 0.00513300
11 47 -335 2021 0.00674000
11 48 -335 2336 0.00760000
11 49 -335 2336 0.00781900
11 50 -335 2887 0.00920800
11 51 -335 2887 0.00952500
11 52 -335 3659 0.01273600
11 53 -335 4380 0.01419100
11 54 -335 5219 0.02119700
11 55 -335 6080 0.02268000
11 56 -335 6693 0.02052800
11 57 -335 7344 0.02262900
11 58 -335 7344 0.02208500
11 59 -335 8858 0.03494600
11 60 -335 10011 0.03884300
11 61 -335 11306 0.04230000
11 62 -335 12630 0.04331700
11 63 -335 14573 0.04567100
11 64 -335 15862 0.04707500
11 65 -335 16800 0.04503200
11 66 -335 16094 0.04054600
11 67 -335 16094 0.04415600
11 68 -335 18176 0.04682800
11 69 -335 18176 0.04933300
11 70 -335 19090 0.04857400
11 71 -335 19090 0.05811600
11 72 -335 21318 0.05420600
11 73 -335 24165 0.06234900
11 74 -335 26137 0.06450900
11 75 -335 25886 0.06475100
11 76 -335 29106 0.06920100
11 77 -335 34023 0.08149800
11 78 -335 35524 0.08632100
11 79 -335 36951 0.09281300
11 80 -335 39165 0.10284900
11 81 -335 43524 0.10502000
11 82 -335 49106 0.11316800
11 83 -335 49106 0.11713200
11 84 -335 49107 0.11295700
11 85 -335 54084 0.12789900
11 86 -335 54084 0.13954200
11 87 -335 59214 0.16428000
11 88 -335 59214 0.15921400
11 89 -335 66984 0.17546100
11 90 -335 66984 0.16831600
11 91 -367 69763 0.18654800
11 92 -367 74815 0.19383200
11 93 -367 78701 0.20329300
11 94 -367 83464 0.21585700
11 95 -367 83464 0.19295800
11 96 -367 85913 0.21509100
11 97 -367 90296 0.23510500
11 98 -367 100139 0.25127400
11 99 -367 112026 0.29714000
11 100 -367 112026 0.26838000
11 101 -367 124245 0.29105500
11 102 -367 133880 0.32932400
11 103 -367 139526 0.32721600
11 104 -367 150451 0.34579800
11 105 -367 155944 0.33774800
11 106 -367 163974 0.43052500
11 107 -367 176393 0.40826600
11 108 -367 176393 0.41620600
11 109 -367 180624 0.39234600
11 110 -367 180624 0.41725000
12 24 -207 11 0.00007400
12 25 -207 12 0.00008100
12 26 -207 12 0.00008000
12 27 -207 12 0.00008200
12 28 -207 12 0.00008000
12 29 -207 31 0.00020500
12 30 -207 39 0.00026000
12 31 -207 47 0.00029800
12 32 -207 57 0.00031900
12 33 -207 73 0.00038900
12 34 -207 80 0.00045400
12 35 -207 80 0.00048900
12 36 -207 126 0.00071300
12 37 -207 235 0.00128400
12 38 -207 235 0.00128500
12 39 -297 308 0.00175700
12 40 -297 362 0.00206100
12 41 -297 430 0.00209700
12 42 -297 551 0.00265400
12 43 -297 619 0.00296100
12 44 -297 977 0.00502600
12 45 -297 1128 0.00541300
12 46 -297 1222 0.00609300
12 47 -297 1222 0.00888000
12 48 -297 1604 0.00773600
12 49 -297 1604 0.00705200
12 50 -297 1689 0.00693900
12 51 -297 2057 0.00801100
12 52 -297 2184 0.00834600
12 53 -297 2555 0.01094000
12 54 -297 2843 0.01113300
12 55 -297 3813 0.01433300
12 56 -297 3813 0.01598500
12 57 -297 4103 0.02183200
12 58 -297 5304 0.02319000
12 59 -297 5832 0.02365200
12 60 -323 8791 0.03620500
12 61 -323 9961 0.03875200
12 62 -323 12201 0.05015400
12 63 -323 13619 0.05189000
12 64 -323 17316 0.06750200
12 65 -323 19509 0.07477600
12 66 -323 23640 0.08806200
12 67 -323 26900 0.10517800
12 68 -323 31454 0.12151000
12 69 -323 37133 0.13730600
12 70 -323 37133 0.14424200
12 71 -323 38307 0.14564700
12 72 -323 40618 0.15282500
12 73 -323 45937 0.18064800
12 74 -323 45937 0.18225500
12 75 -323 50685 0.19104000
12 76 -323 57647 0.21628200
12 77 -323 65556 0.26037400
12 78 -323 72198 0.27459500
12 79 -323 82867 0.29992700
12 80 -323 88068 0.32542700
12 81 -323 96446 0.37889800
12 82 -323 114302 0.42504000
12 83 -323 127389 0.46396900
12 84 -323 139200 0.50592400
12 85 -323 151309 0.55465400
12 86 -323 159313 0.55008900
12 87 -323 172311 0.60339500
12 88 -323 181353 0.63737900
12 89 -323 190246 0.65661400
12 90 -346 208772 0.69426800
12 91 -346 208772 0.70185900
12 92 -346 248624 0.82935600
12 93 -346 284928 1.11349300
12 94 -346 306621 1.15330900
12 95 -346 306621 1.09698900
12 96 -351 350868 1.21751500
12 97 -351 350868 1.17073500
12 98 -351 371090 1.31356700
12 99 -351 399652 1.46742900
12 100 -351 423955 1.55004100
12 101 -351 452968 1.45577300
12 102 -351 493966 1.62263000
12 103 -351 545175 2.04224200
12 104 -351 545175 1.89970600
12 105 -351 574880 1.98630500
12 106 -351 615046 2.10338700
12 107 -351 658944 2.51884700
12 108 -351 706960 2.59779200
12 109 -351 749922 2.47620700
12 110 -351 749922 2.53797100
12 111 -351 749922 2.83265600
12 112 -351 786494 2.61815700
12 113 -351 840184 2.75558600
12 114 -351 881653 2.88452600
12 115 -375 845436 2.64512500
12 116 -375 928459 2.98106500
12 117 -375 1008643 3.15603200
12 118 -375 1133867 3.46097300
12 119 -375 1133867 3.93451300
12 120 -375 1286675 4.04083500
12 121 -375 1461971 4.51395100
12 122 -375 1610513 4.95323000
12 123 -375 1734893 5.30733200
12 124 -385 1464951 4.16194200
12 125 -385 1522452 4.18505400
12 126 -385 1522452 4.16020500
12 127 -385 1731267 4.70182900
12 128 -385 1731267 4.74730400
12 129 -385 1933553 5.23910000
12 130 -396 1896936 4.97395000
12 131 -396 2063536 5.46470100
12 132 -396 2187553 5.71454400
13 26 -126 24 0.00022000
13 27 -126 31 0.00027000
13 28 -126 47 0.00040900
13 29 -126 47 0.00039300
13 30 -126 59 0.00046000
13 31 -126 91 0.00075100
13 32 -126 144 0.00118800
13 33 -126 179 0.00153100
13 34 -126 241 0.00207900
13 35 -166 420 0.00353500
13 36 -166 420 0.00342900
13 37 -166 518 0.00395400
13 38 -166 645 0.00471800
13 39 -166 870 0.00680000
13 40 -166 1201 0.00910900
13 41 -166 1340 0.00893100
13 42 -166 1500 0.01135300
13 43 -166 2035 0.01620900
13 44 -166 2221 0.01789200
13 45 -166 2795 0.02244300
13 46 -166 3319 0.02353400
13 47 -166 3825 0.02810600
13 48 -166 4390 0.03450800
13 49 -166 5207 0.04222700
13 50 -166 5207 0.03672700
13 51 -166 7371 0.04908600
13 52 -166 8621 0.06644600
13 53 -166 9914 0.06672900
13 54 -166 9914 0.06471600
13 55 -166 11329 0.08347800
13 56 -166 13404 0.08638000
13 57 -166 14813 0.09468300
13 58 -166 17975 0.12111400
13 59 -166 20024 0.13297600
13 60 -166 24169 0.15509300
13 61 -166 30067 0.20251300
13 62 -166 32637 0.21407200
13 63 -166 39177 0.25798900
13 64 -166 42971 0.27813700
13 65 -166 51917 0.32130300
13 66 -166 61216 0.39038200
13 67 -166 77606 0.49217100
13 68 -166 89086 0.56587700
13 69 -166 100271 0.63813500
13 70 -166 100271 0.65055500
13 71 -166 100272 0.65893100
13 72 -425 91237 0.52755800
13 73 -460 72960 0.36732100
13 74 -460 78369 0.38263400
13 75 -460 87312 0.42073600
13 76 -460 87312 0.41942800
13 77 -460 104288 0.51379600
13 78 -460 108744 0.50216200
13 79 -460 120321 0.52904000
13 80 -460 120321 0.54398100
13 81 -460 128733 0.57454100
13 82 -460 142221 0.62614200
13 83 -460 161499 0.69114400
13 84 -460 192658 0.82834600
13 85 -460 210261 0.91687900
13 86 -460 226485 0.97905100
13 87 -460 260153 1.12954100
13 88 -460 297852 1.26978900
13 89 -460 329855 1.39296400
13 90 -460 329855 1.38364900
13 91 -460 375865 1.57282100
13 92 -460 363985 1.48237600
13 93 -460 386028 1.57135900
13 94 -460 465592 1.89545700
13 95 -460 465592 1.90171600
13 96 -460 518739 2.05554100
13 97 -460 566089 2.27741700
13 98 -461 661752 2.68800100
13 99 -461 716188 2.87592100
13 100 -521 692580 2.65424200
13 101 -521 772163 3.02912100
13 102 -521 772163 3.02467600
13 103 -521 719040 2.68486400
13 104 -521 719040 2.67130000
13 105 -521 719040 2.67678400
13 106 -521 835952 3.16696300
13 107 -521 899046 3.30959800
13 108 -521 927744 3.28611900
13 109 -521 1084102 3.94955600
13 110 -521 1203174 4.30738600
13 111 -521 1203174 4.35139500
13 112 -521 1333257 4.74923600
13 113 -521 1428532 5.05813500
13 114 -541 1643987 5.79254400
13 115 -541 1687344 5.80769400
13 116 -541 1623113 5.48541900
13 117 -541 1822816 6.15577900
13 118 -541 2089862 7.11844100
13 119 -541 2089862 7.04311300
13 120 -541 2089862 7.03423300
13 121 -541 2231822 7.41944400
13 122 -541 2379898 7.75237000
13 123 -541 2470122 8.10429000
13 124 -541 2640865 8.61980900
13 125 -541 2848018 9.32203700
13 126 -541 3070507 9.92742600
13 127 -541 3132786 9.91614400
13 128 -541 3337706 10.99799400
13 129 -541 3337706 10.33247700
13 130 -541 3459758 10.59229800
13 131 -541 3459758 10.56371800
13 132 -541 4002012 12.25174300
13 133 -541 4212438 12.73625500
13 134 -541 4460498 13.29400700
13 135 -541 5013058 15.02181400
13 136 -541 5183234 15.32652300
13 137 -557 4925257 14.35015300
13 138 -557 5036518 14.34656100
13 139 -557 5364281 15.23992000
13 140 -557 5997599 16.91062700
13 141 -557 5997599 16.91319400
13 142 -557 6146953 16.90314700
13 143 -557 6378381 17.50120500
13 144 -557 7091624 19.38578200
13 145 -557 7553915 20.36209500
13 146 -557 8040428 21.64505900
13 147 -557 8397992 22.62096300
13 148 -557 8397992 22.46429800
13 149 -557 8599357 22.79058900
13 150 -561 9127897 24.58608700
13 151 -561 9127897 24.50244000
13 152 -561 10101422 27.16792000
13 153 -561 10514242 28.02263300
13 154 -561 10907005 28.94630600
13 155 -561 11222287 28.92363400
13 156 -561 11591864 29.04884800
14 28 52 14 0.00012400
14 29 14 21 0.00017600
14 30 14 33 0.00027300
14 31 14 39 0.00030000
14 32 14 60 0.00044100
14 33 14 74 0.00060500
14 34 -56 108 0.00087900
14 35 -70 117 0.00093200
14 36 -96 153 0.00119800
14 37 -96 241 0.00166600
14 38 -96 297 0.00209000
14 39 -205 304 0.00200900
14 40 -205 336 0.00227000
14 41 -205 336 0.00230200
14 42 -205 337 0.00238600
14 43 -205 367 0.00252600
14 44 -205 404 0.00295700
14 45 -253 574 0.00434800
14 46 -492 680 0.00456800
14 47 -492 848 0.00565800
14 48 -492 934 0.00651100
14 49 -492 1029 0.00635900
14 50 -492 1210 0.00770200
14 51 -492 1706 0.01155800
14 52 -492 2092 0.01457600
14 53 -492 3058 0.02132300
14 54 -492 3058 0.01923500
14 55 -492 3555 0.02138500
14 56 -492 4269 0.02403200
14 57 -492 4704 0.02610500
14 58 -492 5018 0.03047800
14 59 -492 7526 0.04361500
14 60 -520 7477 0.04341700
14 61 -520 9641 0.04908100
14 62 -520 10688 0.05714700
14 63 -520 11882 0.06463000
14 64 -520 11882 0.07008600
14 65 -520 14299 0.08193700
14 66 -520 14299 0.07280200
14 67 -520 16527 0.08442300
14 68 -520 18349 0.09025600
14 69 -520 21334 0.10579700
14 70 -520 21334 0.10549200
14 71 -520 21334 0.11335000
14 72 -520 25890 0.13175100
14 73 -525 27719 0.13582000
14 74 -525 32398 0.16377700
14 75 -525 35617 0.19180100
14 76 -525 37705 0.18062100
14 77 -525 37705 0.18277000
14 78 -525 52481 0.27456500
14 79 -525 61097 0.31601500
14 80 -525 69977 0.34831600
14 81 -525 69977 0.35177900
14 82 -525 77235 0.38961000
14 83 -525 85806 0.42764600
14 84 -525 95474 0.47341200
14 85 -525 112730 0.55023900
14 86 -525 124423 0.59746700
14 87 -525 124423 0.61596200
14 88 -525 148201 0.72139600
14 89 -525 168912 0.80305600
14 90 -525 214042 0.97174500
14 91 -582 209451 0.96267900
14 92 -582 242176 1.12709100
14 93 -582 251366 1.09146000
14 94 -582 279496 1.22501300
14 95 -582 320026 1.40653000
14 96 -582 346690 1.57971800
14 97 -582 346690 1.89785700
14 98 -582 346690 1.58093700
14 99 -582 355711 1.57191700
14 100 -582 417408 1.81919600
14 101 -582 471540 2.06120000
14 102 -582 510070 2.21939100
14 103 -582 602873 2.58542200
14 104 -582 669191 2.85359200
14 105 -582 815835 3.52987300
14 106 -582 853973 3.51688600
14 107 -582 933706 3.80420400
14 108 -607 883318 3.61735700
14 109 -607 1012601 4.21008400
14 110 -607 1012601 4.20692800
14 111 -607 1052720 4.39463300
14 112 -607 1063833 4.35644900
14 113 -607 1093850 4.36932300
14 114 -607 1255992 4.99031400
14 115 -607 1325645 5.19398000
14 116 -607 1644142 6.55692200
14 117 -607 1810613 7.18731900
14 118 -607 1965564 7.73898500
14 119 -607 1965564 7.74635200
14 120 -607 2135156 8.39369000
14 121 -607 2235678 8.75509800
14 122 -607 2235678 8.71393400
14 123 -607 2350507 9.18959900
14 124 -607 2626445 10.28502700
14 125 -607 2817943 10.94178900
14 126 -607 3072145 12.84091300
14 127 -607 3188884 11.92694800
14 128 -607 3504172 12.98026100
14 129 -607 3756581 13.67888600
14 130 -607 3927772 14.57829500
14 131 -607 3927772 14.71591600
14 132 -607 3927772 14.45039800
14 133 -607 4138742 15.04834600
14 134 -607 4397237 15.95696000
14 135 -607 4717815 16.95905900
14 136 -607 4903464 17.47203200
14 137 -607 5296100 18.77706500
14 138 -607 5296100 18.66901900
14 139 -607 5728579 20.04772600
14 140 -607 6297435 23.00494900
14 141 -607 6756932 24.01569800
14 142 -607 6756932 23.76270200
14 143 -607 7282011 25.25621500
14 144 -607 7447653 25.69548900
14 145 -607 7674443 25.77444600
14 146 -607 8480769 28.98427900
14 147 -607 8941164 30.20038100
15 30 -184 27 0.00028600
15 31 -184 34 0.00032700
15 32 -184 46 0.00043400
15 33 -184 57 0.00052000
15 34 -299 62 0.00054000
15 35 -299 90 0.00079200
15 36 -299 91 0.00077900
15 37 -299 91 0.00078200
15 38 -299 143 0.00121400
15 39 -299 206 0.00173600
15 40 -299 264 0.00222800
15 41 -299 298 0.00216300
15 42 -299 367 0.00272500
15 43 -299 495 0.00374300
15 44 -378 590 0.00468600
15 45 -378 590 0.00493500
15 46 -378 1076 0.00863200
15 47 -378 1477 0.01212500
15 48 -380 2031 0.01760000
15 49 -380 2527 0.01838600
15 50 -380 3200 0.02414400
15 51 -380 3799 0.03028500
15 52 -380 5440 0.04151500
15 53 -449 5723 0.04408000
15 54 -449 5723 0.04244600
15 55 -494 6601 0.05191200
15 56 -494 7035 0.05017700
15 57 -494 7035 0.04919900
15 58 -494 8999 0.05657200
15 59 -494 11122 0.07138300
15 60 -494 11122 0.07452400
15 61 -494 12911 0.08449100
15 62 -494 12821 0.07497300
15 63 -494 13801 0.08812000
15 64 -494 16532 0.09810100
15 65 -494 20982 0.13573100
15 66 -581 24521 0.14742000
15 67 -612 26767 0.16379000
15 68 -612 31349 0.19033600
15 69 -612 35249 0.21929000
15 70 -612 35249 0.22169700
15 71 -612 41152 0.24854300
15 72 -612 51670 0.31892500
15 73 -636 46189 0.26634000
15 74 -636 54618 0.32049200
15 75 -660 68542 0.39692100
15 76 -660 76803 0.44353100
15 77 -660 85123 0.49515100
15 78 -660 95455 0.55687900
15 79 -660 107859 0.58484700
15 80 -660 115791 0.64117300
15 81 -660 126170 0.69890000
15 82 -667 138544 0.75232100
15 83 -667 169299 0.91299300
15 84 -667 169299 0.90630900
15 85 -667 191336 1.00658700
15 86 -684 189362 0.95615600
15 87 -684 204334 1.03209700
15 88 -684 228986 1.15988600
15 89 -684 240518 1.13730800
15 90 -684 267243 1.26504900
15 91 -684 323453 1.53124400
15 92 -684 323453 1.51875000
15 93 -684 339025 1.57369800
15 94 -684 339025 1.59459700
15 95 -684 354105 1.63984500
15 96 -706 419929 1.95782500
15 97 -706 462362 2.13167600
15 98 -706 502783 2.30216300
15 99 -706 502783 2.31226900
15 100 -706 525969 2.41982200
15 101 -706 525969 2.38129800
15 102 -725 559135 2.50442500
15 103 -725 643804 2.89347700
15 104 -725 675019 2.98470400
15 105 -725 702557 3.10851800
15 106 -725 770183 3.36170400
15 107 -725 836288 3.69321800
15 108 -725 836288 3.64746000
15 109 -725 836288 3.63809000
15 110 -725 836288 3.65197300
15 111 -725 870529 3.76562700
15 112 -725 1014766 4.38649000
15 113 -725 1045844 4.38544200
15 114 -725 1146428 4.81472100
15 115 -725 1265281 5.30518000
15 116 -725 1337181 5.56054000
15 117 -725 1461294 6.00623100
15 118 -725 1657140 6.89009600
15 119 -725 1715759 7.00476100
15 120 -725 1858190 7.53418600
15 121 -725 1858190 7.57098400
15 122 -725 2166097 8.81750500
15 123 -725 2242032 9.09341000
15 124 -725 2511950 10.06493500
15 125 -725 2810994 11.28474500
15 126 -725 2993619 12.04830400
15 127 -725 3206152 12.80736700
15 128 -725 3301098 12.77037300
15 129 -725 3555191 13.75948200
15 130 -729 3599944 13.96063300
15 131 -729 3776495 14.64711300
15 132 -729 3961393 15.17569400
15 133 -729 4001347 15.41817200
15 134 -729 4001347 15.34104500
15 135 -729 4638649 17.72588500
15 136 -729 5096352 19.30440300
15 137 -729 5232820 19.71401700
15 138 -729 5758170 21.61998900
15 139 -729 6339558 23.70503100
15 140 -729 6714898 24.78109000
15 141 -729 7304973 26.84440700
15 142 -729 7701179 28.12371800
15 143 -729 8013607 29.84508800
15 144 -729 8414095 31.56271300
16 32 -72 15 0.00018600
16 33 -72 26 0.00027500
16 34 -258 36 0.00036400
16 35 -258 37 0.00035200
16 36 -258 37 0.00034700
16 37 -258 45 0.00036900
16 38 -258 54 0.00043100
16 39 -258 58 0.00047700
16 40 -258 114 0.00089800
16 41 -367 156 0.00123800
16 42 -367 205 0.00163700
16 43 -367 264 0.00211000
16 44 -423 305 0.00235300
16 45 -423 305 0.00211800
16 46 -423 372 0.00262100
16 47 -423 587 0.00439400
16 48 -423 642 0.00489800
16 49 -423 918 0.00677900
16 50 -423 1173 0.00859800
16 51 -423 1500 0.01183800
16 52 -423 1500 0.01224000
16 53 -423 1500 0.01212100
16 54 -423 2552 0.02059100
16 55 -423 3219 0.02591500
16 56 -423 4257 0.03537500
16 57 -423 5915 0.05063600
16 58 -423 8004 0.06863500
16 59 -423 9935 0.08359500
16 60 -423 11534 0.09974000
16 61 -423 13674 0.11171900
16 62 -423 16710 0.13395800
16 63 -535 12268 0.09348600
16 64 -535 14731 0.10787900
16 65 -535 17084 0.12356300
16 66 -535 17084 0.11892100
16 67 -535 17085 0.11656100
16 68 -535 17443 0.15735500
16 69 -535 21623 0.14995100
16 70 -535 26341 0.18852200
16 71 -535 26982 0.19364400
16 72 -535 28760 0.19356100
16 73 -535 33116 0.22229900
16 74 -535 40573 0.27007500
16 75 -535 42401 0.26596300
16 76 -535 48362 0.31761400
16 77 -535 54911 0.35058900
16 78 -535 54911 0.34624600
16 79 -535 71176 0.44176700
16 80 -535 71176 0.44834800
16 81 -535 78125 0.49206800
16 82 -535 94391 0.59241800
16 83 -535 115212 0.70951500
16 84 -544 134902 0.81330600
16 85 -544 145047 0.87802300
16 86 -544 160219 0.94395600
16 87 -544 169520 1.03460600
16 88 -544 183760 1.10076200
16 89 -544 211926 1.23161800
16 90 -544 261317 1.54317800
16 91 -544 328816 1.88371800
16 92 -567 365047 2.07906800
16 93 -567 365047 2.10939500
16 94 -567 387134 2.24841700
16 95 -567 461153 2.63598800
16 96 -567 499145 2.80878600
16 97 -567 499145 2.81348000
16 98 -567 539452 3.01259000
16 99 -567 564467 3.02565700
16 100 -567 591838 3.11591900
16 101 -567 610913 3.21410700
16 102 -567 622833 3.23076400
16 103 -567 647553 3.39318500
16 104 -567 675405 3.45190700
16 105 -567 675405 3.44361100
16 106 -567 729319 3.77097400
16 107 -567 790855 4.01705800
16 108 -567 857428 4.34229000
16 109 -567 953815 4.84011000
16 110 -567 1109152 5.59307100
16 111 -567 1167908 5.86688100
16 112 -567 1238859 6.15555700
16 113 -567 1510685 7.48363300
16 114 -567 1652150 8.13500600
16 115 -567 1763047 8.53795500
16 116 -590 1870806 8.99004300
16 117 -590 1870806 9.03009600
16 118 -590 1977592 9.36469500
16 119 -590 2139263 10.09682100
16 120 -590 2254162 10.66294600
16 121 -623 1819927 8.59997500
16 122 -623 1964912 9.51918000
16 123 -623 2178078 10.36802100
16 124 -623 2178078 10.17235800
16 125 -623 2178078 10.09625000
16 126 -623 2332426 10.67562300
16 127 -623 2451772 11.23830000
16 128 -623 2529545 11.59874500
16 129 -623 2529545 11.50568200
16 130 -623 3155763 14.48895800
16 131 -623 3456788 15.42912200
16 132 -664 1831452 7.99097700
16 133 -664 1870094 7.97818600
16 134 -664 2164981 9.30441600
16 135 -664 2246739 9.55905900
16 136 -664 2358366 10.08576000
16 137 -664 2501332 10.59832000
16 138 -664 2501332 10.56628700
16 139 -664 3395619 14.39352100
16 140 -664 3885370 16.51842100
16 141 -664 3938461 16.66108900
16 142 -664 4136522 17.22590200
16 143 -664 4253689 17.30666500
16 144 -664 4422127 17.92232800
16 145 -664 4542827 18.36758600
16 146 -664 5184185 20.91322600
16 147 -664 5377603 21.65319000
16 148 -664 5572594 22.35141200
16 149 -664 5895200 23.20168300
16 150 -664 6515753 25.67799000
16 151 -676 6877639 26.86863500
16 152 -676 7402707 28.96319300
16 153 -676 8898970 34.78941500
17 34 48 16 0.00016500
17 35 -107 24 0.00023700
17 36 -107 26 0.00025900
17 37 -107 26 0.00028200
17 38 -107 35 0.00034600
17 39 -107 35 0.00034500
17 40 -150 67 0.00064200
17 41 -150 67 0.00063800
17 42 -150 106 0.00113800
17 43 -150 106 0.00112800
17 44 -150 110 0.00143800
17 45 -150 238 0.00251500
17 46 -150 238 0.00243500
17 47 -150 419 0.00383000
17 48 -150 520 0.00504100
17 49 -150 520 0.00560600
17 50 -150 642 0.00587200
17 51 -150 770 0.00674400
17 52 -150 1168 0.01151300
17 53 -312 1575 0.01638900
17 54 -322 2065 0.01785300
17 55 -322 3086 0.03049400
17 56 -330 3610 0.03626900
17 57 -330 3610 0.03250600
17 58 -330 4220 0.03861500
17 59 -330 4220 0.03835100
17 60 -330 4220 0.03880900
17 61 -330 4220 0.04370200
17 62 -330 4983 0.04696500
17 63 -345 5906 0.05880900
17 64 -345 9181 0.08332700
17 65 -345 10763 0.09803200
17 66 -345 12845 0.11809700
17 67 -442 19986 0.18209500
17 68 -442 19986 0.18705600
17 69 -442 22681 0.20403900
17 70 -442 27046 0.23524500
17 71 -442 32548 0.29885600
17 72 -442 46934 0.41317500
17 73 -442 54623 0.49188300
17 74 -442 59492 0.53145700
17 75 -442 68512 0.58930600
17 76 -442 72008 0.63100500
17 77 -442 72008 0.62370800
17 78 -442 86614 0.72983000
17 79 -442 103338 0.89045800
17 80 -442 109387 0.87167500
17 81 -442 122844 0.96227000
17 82 -442 152312 1.20242400
17 83 -442 184213 1.44654700
17 84 -463 212270 1.66435700
17 85 -463 242176 1.90381300
17 86 -463 256775 1.97060800
17 87 -463 306469 2.36541500
17 88 -463 323264 2.34349200
17 89 -463 377192 2.73952100
17 90 -463 404981 2.95659500
17 91 -463 468665 3.38897600
17 92 -463 528604 3.80572100
17 93 -463 528605 3.86931300
17 94 -463 601292 4.13747300
17 95 -463 660141 4.53131200
17 96 -463 742153 5.06030900
17 97 -467 768952 4.93782000
17 98 -467 1128620 7.24589900
17 99 -467 1319428 8.40447100
17 100 -467 1558673 10.04221700
17 101 -467 1689280 10.83914700
17 102 -467 1804940 11.39379500
17 103 -467 1804940 11.37680200
17 104 -481 1781985 11.28184400
17 105 -481 1894147 11.77908800
17 106 -481 1894147 11.79109900
17 107 -481 2121261 13.24281200
17 108 -495 2185828 13.59319800
17 109 -495 2546281 15.83076100
17 110 -495 2961142 18.22144300
17 111 -495 3205004 19.54226100
17 112 -495 3599719 21.67130800
17 113 -495 3964059 23.79615100
17 114 -549 3493734 20.82791300
17 115 -549 3624499 21.46922900
17 116 -549 3746065 22.04988400
17 117 -549 3948510 23.24446200
17 118 -549 4276833 24.96670300
17 119 -549 4276833 25.06416900
17 120 -563 4835352 28.31835300
17 121 -563 5314879 30.87458700
18 36 294 18 0.00027600
18 37 294 19 0.00029100
18 38 294 19 0.00029100
18 39 159 26 0.00038400
18 40 159 26 0.00038300
18 41 159 26 0.00038500
18 42 51 90 0.00113900
18 43 51 125 0.00175700
18 44 51 125 0.00143900
18 45 51 157 0.00181300
18 46 18 198 0.00226600
18 47 18 282 0.00304100
18 48 18 337 0.00322600
18 49 18 516 0.00474500
18 50 18 758 0.00743900
18 51 18 838 0.00877000
18 52 18 1035 0.01315300
18 53 18 1035 0.01714600
18 54 -309 1843 0.01901200
18 55 -309 1953 0.02120200
18 56 -342 3106 0.03450500
18 57 -342 3512 0.03883800
18 58 -377 4628 0.04955000
18 59 -377 6361 0.06901600
18 60 -377 7405 0.07820200
18 61 -377 9693 0.10635100
18 62 -377 11735 0.12880400
18 63 -560 15031 0.15476400
18 64 -560 15302 0.15884600
18 65 -560 15302 0.14849700
18 66 -560 19045 0.19358800
18 67 -560 23920 0.26173300
18 68 -560 26654 0.27333700
18 69 -560 36388 0.35370900
18 70 -570 42949 0.41554300
18 71 -570 55521 0.57218300
18 72 -600 65005 0.63717100
18 73 -600 75003 0.73348400
18 74 -600 96589 0.96200200
18 75 -600 101197 0.96117000
18 76 -600 105496 0.94903200
18 77 -600 121192 1.08599500
18 78 -600 131119 1.16159900
18 79 -600 145037 1.28457600
18 80 -600 211997 1.91239200
18 81 -600 257989 2.30322200
18 82 -600 305214 2.65174000
18 83 -600 354893 3.06922800
18 84 -658 367007 3.09264600
18 85 -696 450088 3.77134500
18 86 -696 555494 4.64666600
18 87 -696 689192 5.73789100
18 88 -696 799636 6.68204900
18 89 -696 915435 7.65079400
18 90 -696 1023492 8.91616100
18 91 -696 1023492 8.68680600
18 92 -696 1236619 10.50128000
18 93 -696 1312029 11.26363500
18 94 -710 1486344 12.38054000
18 95 -710 1690988 14.30321800
18 96 -710 1690988 13.90970000
18 97 -710 1845914 15.16453900
18 98 -710 2227347 18.23724300
18 99 -710 2670328 21.96782500
18 100 -710 3078704 25.24501800
18 101 -710 3425625 28.26339600
18 102 -734 3828973 31.18248600
19 38 243 35 0.00045700
19 39 243 51 0.00067000
19 40 -21 65 0.00075500
19 41 -21 88 0.00113500
19 42 -21 137 0.00156700
19 43 -21 137 0.00146300
19 44 -21 197 0.00212900
19 45 -21 263 0.00341100
19 46 -21 263 0.00306200
19 47 -88 564 0.00575700
19 48 -88 651 0.00740700
19 49 -88 712 0.00853700
19 50 -88 847 0.01041700
19 51 -88 1097 0.01450500
19 52 -88 1408 0.01850600
19 53 -157 2311 0.02773900
19 54 -359 2338 0.02263800
19 55 -359 2529 0.02449000
19 56 -448 2758 0.02793200
19 57 -511 3349 0.03443200
19 58 -511 3654 0.03593700
19 59 -511 4418 0.04746600
19 60 -597 4284 0.03808100
19 61 -597 5075 0.04405700
19 62 -597 5572 0.04650200
19 63 -597 8109 0.06653500
19 64 -597 8109 0.07750900
19 65 -678 13244 0.11868000
19 66 -678 15667 0.13868300
19 67 -678 17810 0.15559100
19 68 -678 21933 0.18321800
19 69 -678 29099 0.25400700
19 70 -678 34844 0.31601500
19 71 -678 44846 0.40032300
19 72 -678 56375 0.50393700
19 73 -678 63250 0.54806200
19 74 -678 72586 0.62106600
19 75 -678 81535 0.71278900
19 76 -678 100734 0.88475500
19 77 -678 107774 0.95445600
19 78 -678 122253 1.06362600
19 79 -678 122253 1.04964400
19 80 -678 137138 1.20785300
19 81 -678 145407 1.26498000
19 82 -678 181370 1.58155100
19 83 -678 200565 1.73585800
19 84 -678 235669 2.01427700
19 85 -678 275441 2.30577300
19 86 -678 307866 2.56158800
19 87 -678 360381 3.01790000
19 88 -678 374227 3.08477900
19 89 -678 437001 3.59110600
19 90 -678 450960 3.57074700
19 91 -678 513036 4.07688300
19 92 -678 590251 4.67091600
19 93 -678 760837 6.01624200
19 94 -678 760837 6.00623800
19 95 -678 1179654 9.23616200
19 96 -710 1330966 10.40090600
19 97 -710 1591131 12.22049800
19 98 -710 1804884 13.82537700
19 99 -710 2523135 19.05255700
19 100 -710 2845505 21.26445700
19 101 -710 3004995 22.26260100
19 102 -710 3235024 23.93622700
19 103 -713 3545821 26.13712500
19 104 -713 3804535 27.97479500
19 105 -713 4098191 29.90662700
19 106 -713 4775539 34.60994100
20 40 38 20 0.00032000
20 41 38 36 0.00053000
20 42 38 44 0.00062800
20 43 38 54 0.00077100
20 44 38 71 0.00097500
20 45 18 83 0.00115100
20 46 18 83 0.00117200
20 47 18 115 0.00161800
20 48 18 151 0.00214600
20 49 18 241 0.00345000
20 50 18 340 0.00486400
20 51 -70 396 0.00522400
20 52 -141 523 0.00713900
20 53 -141 523 0.00728800
20 54 -141 906 0.01302600
20 55 -239 1338 0.01906800
20 56 -239 1762 0.02509900
20 57 -239 1900 0.02708100
20 58 -239 2965 0.03530400
20 59 -285 3594 0.04525900
20 60 -285 5404 0.06685300
20 61 -285 6890 0.08735500
20 62 -285 9292 0.11513500
20 63 -285 9292 0.11181400
20 64 -285 12003 0.15472400
20 65 -285 12003 0.14016400
20 66 -285 13377 0.16644300
20 67 -308 17600 0.21095800
20 68 -308 19199 0.24055900
20 69 -308 24551 0.31426900
20 70 -308 32939 0.39572300
20 71 -308 41027 0.50524100
20 72 -380 45837 0.56550200
20 73 -380 51531 0.60769400
20 74 -380 70597 0.84776200
20 75 -380 84626 0.99478400
20 76 -380 95514 1.14861200
20 77 -380 95514 1.13552200
20 78 -380 95514 1.13301200
20 79 -380 124660 1.46232000
20 80 -380 148614 1.75357100
20 81 -380 192079 2.24458600
20 82 -380 242909 2.79338800
20 83 -380 242909 2.80581400
20 84 -380 286606 3.31273500
20 85 -435 427352 4.95014500
20 86 -435 594563 6.93319700
20 87 -435 664306 7.71091800
20 88 -435 920988 10.54385300
20 89 -435 816249 8.50494900
20 90 -435 1000449 10.37546000
20 91 -435 1096688 11.23089200
20 92 -435 1314190 13.35906300
20 93 -435 1592381 16.27099400
20 94 -475 1843815 18.49597100
20 95 -475 2351631 22.87356000
20 96 -475 2351631 22.86288900
20 97 -475 3057433 29.34639900
20 98 -475 3365696 31.95201700
