1.000000 0.000000
1.022222 0.021979
1.044444 0.043485
1.066667 0.064539
1.088889 0.085158
1.111111 0.105361
1.133333 0.125163
1.155556 0.144581
1.177778 0.163629
1.200000 0.182322
1.222222 0.200671
1.244444 0.218689
1.266667 0.236389
1.288889 0.253781
1.311111 0.270875
1.333333 0.287682
1.355556 0.304211
1.377778 0.320472
1.400000 0.336472
1.422222 0.352221
1.444444 0.367725
1.466667 0.382992
1.488889 0.398030
1.511111 0.412845
1.533333 0.427444
1.555556 0.441833
1.577778 0.456017
1.600000 0.470004
1.622222 0.483797
1.644444 0.497403
1.666667 0.510826
1.688889 0.524071
1.711111 0.537143
1.733333 0.550046
1.755556 0.562785
1.777778 0.575364
1.800000 0.587787
1.822222 0.600057
1.844444 0.612178
1.866667 0.624154
1.888889 0.635989
1.911111 0.647685
1.933333 0.659246
1.955556 0.670674
1.977778 0.681974
2.000000 0.693147