0.100000 1000.000000
0.112667 771.197886
0.125333 593.915845
0.138000 457.288840
0.150667 352.548378
0.163333 272.657378
0.176000 212.001832
0.188667 166.131441
0.201333 131.542376
0.214000 105.496121
0.226667 85.869123
0.239333 71.028647
0.252000 59.730824
0.264667 51.037417
0.277333 44.248312
0.290000 38.847118
0.302667 34.457697
0.315333 30.809688
0.328000 27.711435
0.340667 25.028944
0.353333 22.669721
0.366000 20.570520
0.378667 18.688209
0.391333 16.993075
0.404000 15.464032
0.416667 14.085292
0.429333 12.844119
0.442000 11.729406
0.454667 10.730822
0.467333 9.838376
0.480000 9.042245
0.492667 8.332772
0.505333 7.700559
0.518000 7.136598
0.530667 6.632415
0.543333 6.180186
0.556000 5.772832
0.568667 5.404072
0.581333 5.068440
0.594000 4.761275
0.606667 4.478676
0.619333 4.217437
0.632000 3.974973
0.644667 3.749226
0.657333 3.538579
0.670000 3.341763
0.682667 3.157780
0.695333 2.985822
0.708000 2.825214
0.720667 2.675356
0.733333 2.535687
0.746000 2.405656
0.758667 2.284700
0.771333 2.172241
0.784000 2.067681
0.796667 1.970407
0.809333 1.879802
0.822000 1.795254
0.834667 1.716170
0.847333 1.641988
0.860000 1.572189
0.872667 1.506305
0.885333 1.443926
0.898000 1.384704
0.910667 1.328352
0.923333 1.274641
0.936000 1.223399
0.948667 1.174498
0.961333 1.127849
0.974000 1.083394
0.986667 1.041091
0.999333 1.000906
1.012000 0.962806
1.024667 0.926751
1.037333 0.892685
1.050000 0.860536
1.062667 0.830210
1.075333 0.801594
1.088000 0.774559
1.100667 0.748960
1.113333 0.724643
1.126000 0.701454
1.138667 0.679240
1.151333 0.657861
1.164000 0.637193
1.176667 0.617137
1.189333 0.597619
1.202000 0.578595
1.214667 0.560051
1.227333 0.542002
1.240000 0.524487
1.252667 0.507568
1.265333 0.491317
1.278000 0.475812
1.290667 0.461127
1.303333 0.447324
1.316000 0.434441
1.328667 0.422488
1.341333 0.411439
1.354000 0.401229
1.366667 0.391753
1.379333 0.382869
1.392000 0.374404
1.404667 0.366162
1.417333 0.357936
1.430000 0.349528
1.442667 0.340758
1.455333 0.331489
1.468000 0.321643
1.480667 0.311213
1.493333 0.300282
1.506000 0.289027
1.518667 0.277718
1.531333 0.266718
1.544000 0.256461
1.556667 0.247425
1.569333 0.240101
1.582000 0.234940
1.594667 0.232303
1.607333 0.232396
1.620000 0.235210
1.632667 0.240456
1.645333 0.247516
1.658000 0.255406
1.670667 0.262763
1.683333 0.267866
1.696000 0.268707
1.708667 0.263107
1.721333 0.248901
1.734000 0.224189
1.746667 0.187659
1.759333 0.138986
1.772000 0.079279
1.784667 0.011580
1.797333 -0.058640
1.810000 -0.123032
1.822667 -0.170047
1.835333 -0.184835
1.848000 -0.149531
1.860667 -0.044084
1.873333 0.152109
1.886000 0.457472
1.898667 0.884032
1.911333 1.431255
1.924000 2.077336
1.936667 2.767254
1.949333 3.396726
1.962000 3.791036
1.974667 3.677512
1.987333 2.650198
2.000000 0.125000