0.100000 1000.000000
0.163333 827.151021
0.226667 673.196234
0.290000 537.142196
0.353333 417.995465
0.416667 314.762597
0.480000 226.450148
0.543333 152.064676
0.606667 90.612737
0.670000 41.100889
0.733333 2.535687
0.796667 -26.076310
0.860000 -45.728547
0.923333 -57.414467
0.986667 -62.127513
1.050000 -60.861127
1.113333 -54.608754
1.176667 -44.363836
1.240000 -31.119817
1.303333 -15.870140
1.366667 0.391753
1.430000 16.672417
1.493333 31.978410
1.556667 45.316288
1.620000 55.692609
1.683333 62.113928
1.746667 63.586804
1.810000 59.117792
1.873333 47.713449
1.936667 28.380333
2.000000 0.125000