0.100000 1000.000000
0.127143 774.785662
0.154286 591.493058
0.181429 443.849549
0.208571 326.309585
0.235714 233.993235
0.262857 162.628096
0.290000 108.494496
0.317143 68.373892
0.344286 39.500385
0.371429 19.515248
0.398571 6.424384
0.425714 -1.441384
0.452857 -5.463271
0.480000 -6.768845
0.507143 -6.263770
0.534286 -4.661085
0.561429 -2.508098
0.588571 -0.210996
0.615714 1.942746
0.642857 3.764060
0.670000 5.143996
0.697143 6.037355
0.724286 6.448159
0.751429 6.416856
0.778571 6.009178
0.805714 5.306564
0.832857 4.398038
0.860000 3.373472
0.887143 2.318138
0.914286 1.308441
0.941429 0.408769
0.968571 -0.330655
0.995714 -0.874998
1.022857 -1.205206
1.050000 -1.317670
1.077143 -1.223228
1.104286 -0.945625
1.131429 -0.519499
1.158571 0.012000
1.185714 0.599874
1.212857 1.192135
1.240000 1.736762
1.267143 2.184659
1.294286 2.492543
1.321429 2.625647
1.348571 2.560162
1.375714 2.285323
1.402857 1.805046
1.430000 1.139029
1.457143 0.323217
1.484286 -0.590449
1.511429 -1.535094
1.538571 -2.430884
1.565714 -3.187985
1.592857 -3.710615
1.620000 -3.902270
1.647143 -3.672220
1.674286 -2.943368
1.701429 -1.661549
1.728571 0.193615
1.755714 2.596232
1.782857 5.459942
1.810000 8.621884
1.837143 11.824775
1.864286 14.696976
1.891429 16.730479
1.918571 17.256710
1.945714 15.420054
1.972857 10.149031
2.000000 0.125000