-1.000000 0.038462
-0.986667 1.430965
-0.973333 2.035900
-0.960000 2.140627
-0.946667 1.952082
-0.933333 1.614981
-0.920000 1.226619
-0.906667 0.848801
-0.893333 0.517369
-0.880000 0.249704
-0.866667 0.050562
-0.853333 -0.083465
-0.840000 -0.160604
-0.826667 -0.191463
-0.813333 -0.187315
-0.800000 -0.158939
-0.786667 -0.115906
-0.773333 -0.066188
-0.760000 -0.016014
-0.746667 0.030103
-0.733333 0.069231
-0.720000 0.099803
-0.706667 0.121375
-0.693333 0.134369
-0.680000 0.139824
-0.666667 0.139174
-0.653333 0.134045
-0.640000 0.126097
-0.626667 0.116897
-0.613333 0.107822
-0.600000 0.100000
-0.586667 0.094279
-0.573333 0.091219
-0.560000 0.091101
-0.546667 0.093960
-0.533333 0.099622
-0.520000 0.107748
-0.506667 0.117887
-0.493333 0.129522
-0.480000 0.142120
-0.466667 0.155172
-0.453333 0.168230
-0.440000 0.180934
-0.426667 0.193033
-0.413333 0.204397
-0.400000 0.215022
-0.386667 0.225026
-0.373333 0.234637
-0.360000 0.244179
-0.346667 0.254051
-0.333333 0.264706
-0.320000 0.276620
-0.306667 0.290269
-0.293333 0.306102
-0.280000 0.324517
-0.266667 0.345836
-0.253333 0.370288
-0.240000 0.397993
-0.226667 0.428952
-0.213333 0.463039
-0.200000 0.500000
-0.186667 0.539458
-0.173333 0.580921
-0.160000 0.623791
-0.146667 0.667383
-0.133333 0.710945
-0.120000 0.753676
-0.106667 0.794754
-0.093333 0.833357
-0.080000 0.868688
-0.066667 0.900000
-0.053333 0.926619
-0.040000 0.947962
-0.026667 0.963557
-0.013333 0.973057
0.000000 0.976247
0.013333 0.973057
0.026667 0.963557
0.040000 0.947962
0.053333 0.926619
0.066667 0.900000
0.080000 0.868688
0.093333 0.833357
0.106667 0.794754
0.120000 0.753676
0.133333 0.710945
0.146667 0.667383
0.160000 0.623791
0.173333 0.580921
0.186667 0.539458
0.200000 0.500000
0.213333 0.463039
0.226667 0.428952
0.240000 0.397993
0.253333 0.370288
0.266667 0.345836
0.280000 0.324517
0.293333 0.306102
0.306667 0.290269
0.320000 0.276620
0.333333 0.264706
0.346667 0.254051
0.360000 0.244179
0.373333 0.234637
0.386667 0.225026
0.400000 0.215022
0.413333 0.204397
0.426667 0.193033
0.440000 0.180934
0.453333 0.168230
0.466667 0.155172
0.480000 0.142120
0.493333 0.129522
0.506667 0.117887
0.520000 0.107748
0.533333 0.099622
0.546667 0.093960
0.560000 0.091101
0.573333 0.091219
0.586667 0.094279
0.600000 0.100000
0.613333 0.107822
0.626667 0.116897
0.640000 0.126097
0.653333 0.134045
0.666667 0.139174
0.680000 0.139824
0.693333 0.134369
0.706667 0.121375
0.720000 0.099803
0.733333 0.069231
0.746667 0.030103
0.760000 -0.016014
0.773333 -0.066188
0.786667 -0.115906
0.800000 -0.158939
0.813333 -0.187315
0.826667 -0.191463
0.840000 -0.160604
0.853333 -0.083465
0.866667 0.050562
0.880000 0.249704
0.893333 0.517369
0.906667 0.848801
0.920000 1.226619
0.933333 1.614981
0.946667 1.952082
0.960000 2.140627
0.973333 2.035900
0.986667 1.430965
1.000000 0.038462