-1.000000 0.038462
-0.933333 0.071267
-0.866667 0.101810
-0.800000 0.130090
-0.733333 0.156109
-0.666667 0.179864
-0.600000 0.201357
-0.533333 0.220588
-0.466667 0.237557
-0.400000 0.252262
-0.333333 0.264706
-0.266667 0.274887
-0.200000 0.282805
-0.133333 0.288462
-0.066667 0.291855
0.000000 0.292986
0.066667 0.291855
0.133333 0.288462
0.200000 0.282805
0.266667 0.274887
0.333333 0.264706
0.400000 0.252262
0.466667 0.237557
0.533333 0.220588
0.600000 0.201357
0.666667 0.179864
0.733333 0.156109
0.800000 0.130090
0.866667 0.101810
0.933333 0.071267
1.000000 0.038462