-1.000000 0.038462
-0.971429 0.130770
-0.942857 0.186526
-0.914286 0.213572
-0.885714 0.218793
-0.857143 0.208181
-0.828571 0.186897
-0.800000 0.159338
-0.771429 0.129192
-0.742857 0.099498
-0.714286 0.072700
-0.685714 0.050705
-0.657143 0.034928
-0.628571 0.026347
-0.600000 0.025549
-0.571429 0.032775
-0.542857 0.047964
-0.514286 0.070795
-0.485714 0.100725
-0.457143 0.137029
-0.428571 0.178832
-0.400000 0.225147
-0.371429 0.274902
-0.342857 0.326971
-0.314286 0.380204
-0.285714 0.433447
-0.257143 0.485570
-0.228571 0.535485
-0.200000 0.582170
-0.171429 0.624678
-0.142857 0.662162
-0.114286 0.693880
-0.085714 0.719212
-0.057143 0.737664
-0.028571 0.748879
0.000000 0.752641
0.028571 0.748879
0.057143 0.737664
0.085714 0.719212
0.114286 0.693880
0.142857 0.662162
0.171429 0.624678
0.200000 0.582170
0.228571 0.535485
0.257143 0.485570
0.285714 0.433447
0.314286 0.380204
0.342857 0.326971
0.371429 0.274902
0.400000 0.225147
0.428571 0.178832
0.457143 0.137029
0.485714 0.100725
0.514286 0.070795
0.542857 0.047964
0.571429 0.032775
0.600000 0.025549
0.628571 0.026347
0.657143 0.034928
0.685714 0.050705
0.714286 0.072700
0.742857 0.099498
0.771429 0.129192
0.800000 0.159338
0.828571 0.186897
0.857143 0.208181
0.885714 0.218793
0.914286 0.213572
0.942857 0.186526
0.971429 0.130770
1.000000 0.038462