0.000000 0.500000
0.010000 0.497575
0.020000 0.495149
0.030000 0.492724
0.040000 0.490299
0.050000 0.487875
0.060000 0.485451
0.070000 0.483027
0.080000 0.480605
0.090000 0.478183
0.100000 0.475762
0.110000 0.473342
0.120000 0.470923
0.130000 0.468505
0.140000 0.466089
0.150000 0.463674
0.160000 0.461261
0.170000 0.458849
0.180000 0.456439
0.190000 0.454031
0.200000 0.451625
0.210000 0.449221
0.220000 0.446819
0.230000 0.444420
0.240000 0.442023
0.250000 0.439628
0.260000 0.437236
0.270000 0.434847
0.280000 0.432460
0.290000 0.430077
0.300000 0.427696
0.310000 0.425318
0.320000 0.422944
0.330000 0.420573
0.340000 0.418205
0.350000 0.415841
0.360000 0.413481
0.370000 0.411124
0.380000 0.408771
0.390000 0.406422
0.400000 0.404077
0.410000 0.401736
0.420000 0.399399
0.430000 0.397066
0.440000 0.394738
0.450000 0.392414
0.460000 0.390095
0.470000 0.387780
0.480000 0.385470
0.490000 0.383165
0.500000 0.380865
0.510000 0.378570
0.520000 0.376280
0.530000 0.373995
0.540000 0.371716
0.550000 0.369441
0.560000 0.367173
0.570000 0.364909
0.580000 0.362652
0.590000 0.360400
0.600000 0.358153
0.610000 0.355913
0.620000 0.353679
0.630000 0.351450
0.640000 0.349228
0.650000 0.347012
0.660000 0.344802
0.670000 0.342598
0.680000 0.340401
0.690000 0.338210
0.700000 0.336026
0.710000 0.333848
0.720000 0.331678
0.730000 0.329513
0.740000 0.327356
0.750000 0.325206
0.760000 0.323062
0.770000 0.320926
0.780000 0.318796
0.790000 0.316674
0.800000 0.314559
0.810000 0.312452
0.820000 0.310351
0.830000 0.308258
0.840000 0.306173
0.850000 0.304095
0.860000 0.302025
0.870000 0.299962
0.880000 0.297907
0.890000 0.295859
0.900000 0.293820
0.910000 0.291788
0.920000 0.289765
0.930000 0.287749
0.940000 0.285741
0.950000 0.283741
0.960000 0.281750
0.970000 0.279766
0.980000 0.277791
0.990000 0.275824
1.000000 0.273865
1.010000 0.271915
1.020000 0.269973
1.030000 0.268039
1.040000 0.266114
1.050000 0.264197
1.060000 0.262289
1.070000 0.260389
1.080000 0.258498
1.090000 0.256616
1.100000 0.254742
1.110000 0.252877
1.120000 0.251020
1.130000 0.249172
1.140000 0.247333
1.150000 0.245503
1.160000 0.243682
1.170000 0.241869
1.180000 0.240066
1.190000 0.238271
1.200000 0.236485
1.210000 0.234708
1.220000 0.232941
1.230000 0.231182
1.240000 0.229432
1.250000 0.227691
1.260000 0.225959
1.270000 0.224236
1.280000 0.222522
1.290000 0.220817
1.300000 0.219122
1.310000 0.217435
1.320000 0.215758
1.330000 0.214089
1.340000 0.212430
1.350000 0.210780
1.360000 0.209139
1.370000 0.207507
1.380000 0.205885
1.390000 0.204271
1.400000 0.202667
1.410000 0.201071
1.420000 0.199485
1.430000 0.197908
1.440000 0.196341
1.450000 0.194782
1.460000 0.193233
1.470000 0.191692
1.480000 0.190161
1.490000 0.188639
1.500000 0.187126
1.510000 0.185622
1.520000 0.184128
1.530000 0.182642
1.540000 0.181165
1.550000 0.179698
1.560000 0.178240
1.570000 0.176791
1.580000 0.175350
1.590000 0.173919
1.600000 0.172497
1.610000 0.171084
1.620000 0.169680
1.630000 0.168285
1.640000 0.166899
1.650000 0.165521
1.660000 0.164153
1.670000 0.162794
1.680000 0.161443
1.690000 0.160102
1.700000 0.158769
1.710000 0.157445
1.720000 0.156130
1.730000 0.154824
1.740000 0.153527
1.750000 0.152238
1.760000 0.150958
1.770000 0.149687
1.780000 0.148424
1.790000 0.147170
1.800000 0.145925
1.810000 0.144688
1.820000 0.143460
1.830000 0.142240
1.840000 0.141029
1.850000 0.139826
1.860000 0.138632
1.870000 0.137447
1.880000 0.136269
1.890000 0.135100
1.900000 0.133940
1.910000 0.132787
1.920000 0.131643
1.930000 0.130508
1.940000 0.129380
1.950000 0.128261
1.960000 0.127150
1.970000 0.126047
1.980000 0.124952
1.990000 0.123865
2.000000 0.122786
2.010000 0.121715
2.020000 0.120652
2.030000 0.119597
2.040000 0.118550
2.050000 0.117511
2.060000 0.116479
2.070000 0.115455
2.080000 0.114439
2.090000 0.113431
2.100000 0.112431
2.110000 0.111438
2.120000 0.110452
2.130000 0.109474
2.140000 0.108504
2.150000 0.107541
2.160000 0.106586
2.170000 0.105638
2.180000 0.104697
2.190000 0.103764
2.200000 0.102838
2.210000 0.101919
2.220000 0.101008
2.230000 0.100104
2.240000 0.099206
2.250000 0.098316
2.260000 0.097433
2.270000 0.096557
2.280000 0.095688
2.290000 0.094826
2.300000 0.093971
2.310000 0.093123
2.320000 0.092281
2.330000 0.091446
2.340000 0.090618
2.350000 0.089797
2.360000 0.088982
2.370000 0.088174
2.380000 0.087373
2.390000 0.086578
2.400000 0.085790
2.410000 0.085008
2.420000 0.084232
2.430000 0.083463
2.440000 0.082701
2.450000 0.081944
2.460000 0.081194
2.470000 0.080450
2.480000 0.079712
2.490000 0.078981
2.500000 0.078255
2.510000 0.077536
2.520000 0.076822
2.530000 0.076115
2.540000 0.075413
2.550000 0.074718
2.560000 0.074028
2.570000 0.073344
2.580000 0.072666
2.590000 0.071994
2.600000 0.071327
2.610000 0.070666
2.620000 0.070011
2.630000 0.069361
2.640000 0.068717
2.650000 0.068078
2.660000 0.067445
2.670000 0.066817
2.680000 0.066195
2.690000 0.065578
2.700000 0.064967
2.710000 0.064360
2.720000 0.063759
2.730000 0.063163
2.740000 0.062573
2.750000 0.061987
2.760000 0.061407
2.770000 0.060831
2.780000 0.060261
2.790000 0.059695
2.800000 0.059135
2.810000 0.058579
2.820000 0.058029
2.830000 0.057483
2.840000 0.056942
2.850000 0.056406
2.860000 0.055874
2.870000 0.055347
2.880000 0.054825
2.890000 0.054308
2.900000 0.053795
2.910000 0.053287
2.920000 0.052783
2.930000 0.052283
2.940000 0.051789
2.950000 0.051298
2.960000 0.050812
2.970000 0.050330
2.980000 0.049853
2.990000 0.049380
3.000000 0.048911
3.010000 0.048446
3.020000 0.047986
3.030000 0.047529
3.040000 0.047077
3.050000 0.046629
3.060000 0.046185
3.070000 0.045745
3.080000 0.045308
3.090000 0.044876
3.100000 0.044448
3.110000 0.044024
3.120000 0.043603
3.130000 0.043187
3.140000 0.042774
3.150000 0.042365
3.160000 0.041959
3.170000 0.041558
3.180000 0.041160
3.190000 0.040765
3.200000 0.040375
3.210000 0.039987
3.220000 0.039604
3.230000 0.039224
3.240000 0.038847
3.250000 0.038474
3.260000 0.038104
3.270000 0.037738
3.280000 0.037375
3.290000 0.037016
3.300000 0.036659
3.310000 0.036306
3.320000 0.035957
3.330000 0.035610
3.340000 0.035267
3.350000 0.034927
3.360000 0.034590
3.370000 0.034256
3.380000 0.033926
3.390000 0.033598
3.400000 0.033274
3.410000 0.032952
3.420000 0.032634
3.430000 0.032318
3.440000 0.032006
3.450000 0.031696
3.460000 0.031389
3.470000 0.031085
3.480000 0.030784
3.490000 0.030486
3.500000 0.030191
3.510000 0.029898
3.520000 0.029608
3.530000 0.029321
3.540000 0.029036
3.550000 0.028754
3.560000 0.028475
3.570000 0.028199
3.580000 0.027925
3.590000 0.027653
3.600000 0.027385
3.610000 0.027118
3.620000 0.026855
3.630000 0.026593
3.640000 0.026335
3.650000 0.026078
3.660000 0.025824
3.670000 0.025573
3.680000 0.025324
3.690000 0.025077
3.700000 0.024833
3.710000 0.024591
3.720000 0.024351
3.730000 0.024113
3.740000 0.023878
3.750000 0.023645
3.760000 0.023414
3.770000 0.023186
3.780000 0.022959
3.790000 0.022735
3.800000 0.022513
3.810000 0.022293
3.820000 0.022075
3.830000 0.021859
3.840000 0.021645
3.850000 0.021434
3.860000 0.021224
3.870000 0.021016
3.880000 0.020810
3.890000 0.020607
3.900000 0.020405
3.910000 0.020205
3.920000 0.020007
3.930000 0.019811
3.940000 0.019617
3.950000 0.019425
3.960000 0.019234
3.970000 0.019046
3.980000 0.018859
3.990000 0.018674
4.000000 0.018491
4.010000 0.018309
4.020000 0.018129
4.030000 0.017952
4.040000 0.017775
4.050000 0.017601
4.060000 0.017428
4.070000 0.017257
4.080000 0.017087
4.090000 0.016919
4.100000 0.016753
4.110000 0.016588
4.120000 0.016425
4.130000 0.016263
4.140000 0.016103
4.150000 0.015945
4.160000 0.015788
4.170000 0.015633
4.180000 0.015479
4.190000 0.015327
4.200000 0.015176
4.210000 0.015026
4.220000 0.014878
4.230000 0.014732
4.240000 0.014587
4.250000 0.014443
4.260000 0.014301
4.270000 0.014160
4.280000 0.014020
4.290000 0.013882
4.300000 0.013745
4.310000 0.013609
4.320000 0.013475
4.330000 0.013342
4.340000 0.013211
4.350000 0.013080
4.360000 0.012951
4.370000 0.012823
4.380000 0.012697
4.390000 0.012571
4.400000 0.012447
4.410000 0.012324
4.420000 0.012203
4.430000 0.012082
4.440000 0.011963
4.450000 0.011845
4.460000 0.011728
4.470000 0.011612
4.480000 0.011497
4.490000 0.011383
4.500000 0.011271
4.510000 0.011159
4.520000 0.011049
4.530000 0.010940
4.540000 0.010831
4.550000 0.010724
4.560000 0.010618
4.570000 0.010513
4.580000 0.010409
4.590000 0.010306
4.600000 0.010204
4.610000 0.010103
4.620000 0.010003
4.630000 0.009904
4.640000 0.009806
4.650000 0.009709
4.660000 0.009613
4.670000 0.009518
4.680000 0.009423
4.690000 0.009330
4.700000 0.009238
4.710000 0.009146
4.720000 0.009055
4.730000 0.008966
4.740000 0.008877
4.750000 0.008789
4.760000 0.008702
4.770000 0.008616
4.780000 0.008530
4.790000 0.008446
4.800000 0.008362
4.810000 0.008279
4.820000 0.008197
4.830000 0.008116
4.840000 0.008035
4.850000 0.007955
4.860000 0.007876
4.870000 0.007798
4.880000 0.007721
4.890000 0.007644
4.900000 0.007568
4.910000 0.007493
4.920000 0.007419
4.930000 0.007345
4.940000 0.007272
4.950000 0.007200
4.960000 0.007129
4.970000 0.007058
4.980000 0.006988
4.990000 0.006918
5.000000 0.006850
5.010000 0.006782
5.020000 0.006714
5.030000 0.006648
5.040000 0.006582
5.050000 0.006516
5.060000 0.006452
5.070000 0.006387
5.080000 0.006324
5.090000 0.006261
5.100000 0.006199
5.110000 0.006137
5.120000 0.006076
5.130000 0.006016
5.140000 0.005956
5.150000 0.005897
5.160000 0.005838
5.170000 0.005780
5.180000 0.005723
5.190000 0.005666
5.200000 0.005610
5.210000 0.005554
5.220000 0.005499
5.230000 0.005444
5.240000 0.005390
5.250000 0.005336
5.260000 0.005283
5.270000 0.005231
5.280000 0.005178
5.290000 0.005127
5.300000 0.005076
5.310000 0.005025
5.320000 0.004975
5.330000 0.004926
5.340000 0.004877
5.350000 0.004828
5.360000 0.004780
5.370000 0.004733
5.380000 0.004686
5.390000 0.004639
5.400000 0.004593
5.410000 0.004547
5.420000 0.004502
5.430000 0.004457
5.440000 0.004413
5.450000 0.004369
5.460000 0.004325
5.470000 0.004282
5.480000 0.004240
5.490000 0.004197
5.500000 0.004156
5.510000 0.004114
5.520000 0.004073
5.530000 0.004033
5.540000 0.003992
5.550000 0.003953
5.560000 0.003913
5.570000 0.003874
5.580000 0.003836
5.590000 0.003798
5.600000 0.003760
5.610000 0.003722
5.620000 0.003685
5.630000 0.003648
5.640000 0.003612
5.650000 0.003576
5.660000 0.003540
5.670000 0.003505
5.680000 0.003470
5.690000 0.003436
5.700000 0.003401
5.710000 0.003368
5.720000 0.003334
5.730000 0.003301
5.740000 0.003268
5.750000 0.003235
5.760000 0.003203
5.770000 0.003171
5.780000 0.003140
5.790000 0.003108
5.800000 0.003077
5.810000 0.003047
5.820000 0.003016
5.830000 0.002986
5.840000 0.002956
5.850000 0.002927
5.860000 0.002898
5.870000 0.002869
5.880000 0.002840
5.890000 0.002812
5.900000 0.002784
5.910000 0.002756
5.920000 0.002729
5.930000 0.002701
5.940000 0.002674
5.950000 0.002648
5.960000 0.002621
5.970000 0.002595
5.980000 0.002569
5.990000 0.002544
6.000000 0.002518
6.010000 0.002493
6.020000 0.002468
6.030000 0.002444
6.040000 0.002419
6.050000 0.002395
6.060000 0.002371
6.070000 0.002348
6.080000 0.002324
6.090000 0.002301
6.100000 0.002278
6.110000 0.002255
6.120000 0.002233
6.130000 0.002211
6.140000 0.002189
6.150000 0.002167
6.160000 0.002145
6.170000 0.002124
6.180000 0.002102
6.190000 0.002081
6.200000 0.002061
6.210000 0.002040
6.220000 0.002020
6.230000 0.002000
6.240000 0.001980
6.250000 0.001960
6.260000 0.001940
6.270000 0.001921
6.280000 0.001902
6.290000 0.001883
6.300000 0.001864
6.310000 0.001845
6.320000 0.001827
6.330000 0.001809
6.340000 0.001791
6.350000 0.001773
6.360000 0.001755
6.370000 0.001738
6.380000 0.001720
6.390000 0.001703
6.400000 0.001686
6.410000 0.001669
6.420000 0.001653
6.430000 0.001636
6.440000 0.001620
6.450000 0.001604
6.460000 0.001588
6.470000 0.001572
6.480000 0.001556
6.490000 0.001541
6.500000 0.001525
6.510000 0.001510
6.520000 0.001495
6.530000 0.001480
6.540000 0.001465
6.550000 0.001450
6.560000 0.001436
6.570000 0.001422
6.580000 0.001407
6.590000 0.001393
6.600000 0.001380
6.610000 0.001366
6.620000 0.001352
6.630000 0.001339
6.640000 0.001325
6.650000 0.001312
6.660000 0.001299
6.670000 0.001286
6.680000 0.001273
6.690000 0.001260
6.700000 0.001248
6.710000 0.001235
6.720000 0.001223
6.730000 0.001211
6.740000 0.001199
6.750000 0.001187
6.760000 0.001175
6.770000 0.001163
6.780000 0.001151
6.790000 0.001140
6.800000 0.001129
6.810000 0.001117
6.820000 0.001106
6.830000 0.001095
6.840000 0.001084
6.850000 0.001073
6.860000 0.001063
6.870000 0.001052
6.880000 0.001041
6.890000 0.001031
6.900000 0.001021
6.910000 0.001011
6.920000 0.001000
6.930000 0.000990
6.940000 0.000981
6.950000 0.000971
6.960000 0.000961
6.970000 0.000952
6.980000 0.000942
6.990000 0.000933
7.000000 0.000923
7.010000 0.000914
7.020000 0.000905
7.030000 0.000896
7.040000 0.000887
7.050000 0.000878
7.060000 0.000869
7.070000 0.000861
7.080000 0.000852
7.090000 0.000843
7.100000 0.000835
7.110000 0.000827
7.120000 0.000818
7.130000 0.000810
7.140000 0.000802
7.150000 0.000794
7.160000 0.000786
7.170000 0.000778
7.180000 0.000771
7.190000 0.000763
7.200000 0.000755
7.210000 0.000748
7.220000 0.000740
7.230000 0.000733
7.240000 0.000726
7.250000 0.000718
7.260000 0.000711
7.270000 0.000704
7.280000 0.000697
7.290000 0.000690
7.300000 0.000683
7.310000 0.000676
7.320000 0.000670
7.330000 0.000663
7.340000 0.000656
7.350000 0.000650
7.360000 0.000643
7.370000 0.000637
7.380000 0.000630
7.390000 0.000624
7.400000 0.000618
7.410000 0.000612
7.420000 0.000606
7.430000 0.000599
7.440000 0.000594
7.450000 0.000588
7.460000 0.000582
7.470000 0.000576
7.480000 0.000570
7.490000 0.000564
7.500000 0.000559
7.510000 0.000553
7.520000 0.000548
7.530000 0.000542
7.540000 0.000537
7.550000 0.000531
7.560000 0.000526
7.570000 0.000521
7.580000 0.000516
7.590000 0.000510
7.600000 0.000505
7.610000 0.000500
7.620000 0.000495
7.630000 0.000490
7.640000 0.000485
7.650000 0.000481
7.660000 0.000476
7.670000 0.000471
7.680000 0.000466
7.690000 0.000462
7.700000 0.000457
7.710000 0.000453
7.720000 0.000448
7.730000 0.000444
7.740000 0.000439
7.750000 0.000435
7.760000 0.000430
7.770000 0.000426
7.780000 0.000422
7.790000 0.000418
7.800000 0.000413
7.810000 0.000409
7.820000 0.000405
7.830000 0.000401
7.840000 0.000397
7.850000 0.000393
7.860000 0.000389
7.870000 0.000385
7.880000 0.000381
7.890000 0.000378
7.900000 0.000374
7.910000 0.000370
7.920000 0.000366
7.930000 0.000363
7.940000 0.000359
7.950000 0.000356
7.960000 0.000352
7.970000 0.000348
7.980000 0.000345
7.990000 0.000342
8.000000 0.000338
8.010000 0.000335
8.020000 0.000331
8.030000 0.000328
8.040000 0.000325
8.050000 0.000322
8.060000 0.000318
8.070000 0.000315
8.080000 0.000312
8.090000 0.000309
8.100000 0.000306
8.110000 0.000303
8.120000 0.000300
8.130000 0.000297
8.140000 0.000294
8.150000 0.000291
8.160000 0.000288
8.170000 0.000285
8.180000 0.000282
8.190000 0.000279
8.200000 0.000277
8.210000 0.000274
8.220000 0.000271
8.230000 0.000268
8.240000 0.000266
8.250000 0.000263
8.260000 0.000260
8.270000 0.000258
8.280000 0.000255
8.290000 0.000253
8.300000 0.000250
8.310000 0.000248
8.320000 0.000245
8.330000 0.000243
8.340000 0.000240
8.350000 0.000238
8.360000 0.000236
8.370000 0.000233
8.380000 0.000231
8.390000 0.000229
8.400000 0.000226
8.410000 0.000224
8.420000 0.000222
8.430000 0.000220
8.440000 0.000217
8.450000 0.000215
8.460000 0.000213
8.470000 0.000211
8.480000 0.000209
8.490000 0.000207
8.500000 0.000205
8.510000 0.000203
8.520000 0.000201
8.530000 0.000199
8.540000 0.000197
8.550000 0.000195
8.560000 0.000193
8.570000 0.000191
8.580000 0.000189
8.590000 0.000187
8.600000 0.000185
8.610000 0.000183
8.620000 0.000181
8.630000 0.000180
8.640000 0.000178
8.650000 0.000176
8.660000 0.000174
8.670000 0.000172
8.680000 0.000171
8.690000 0.000169
8.700000 0.000167
8.710000 0.000166
8.720000 0.000164
8.730000 0.000162
8.740000 0.000161
8.750000 0.000159
8.760000 0.000158
8.770000 0.000156
8.780000 0.000154
8.790000 0.000153
8.800000 0.000151
8.810000 0.000150
8.820000 0.000148
8.830000 0.000147
8.840000 0.000145
8.850000 0.000144
8.860000 0.000143
8.870000 0.000141
8.880000 0.000140
8.890000 0.000138
8.900000 0.000137
8.910000 0.000136
8.920000 0.000134
8.930000 0.000133
8.940000 0.000131
8.950000 0.000130
8.960000 0.000129
8.970000 0.000128
8.980000 0.000126
8.990000 0.000125
9.000000 0.000124
9.010000 0.000123
9.020000 0.000121
9.030000 0.000120
9.040000 0.000119
9.050000 0.000118
9.060000 0.000117
9.070000 0.000115
9.080000 0.000114
9.090000 0.000113
9.100000 0.000112
9.110000 0.000111
9.120000 0.000110
9.130000 0.000109
9.140000 0.000108
9.150000 0.000106
9.160000 0.000105
9.170000 0.000104
9.180000 0.000103
9.190000 0.000102
9.200000 0.000101
9.210000 0.000100
9.220000 0.000099
9.230000 0.000098
9.240000 0.000097
9.250000 0.000096
9.260000 0.000095
9.270000 0.000094
9.280000 0.000093
9.290000 0.000093
9.300000 0.000092
9.310000 0.000091
9.320000 0.000090
9.330000 0.000089
9.340000 0.000088
9.350000 0.000087
9.360000 0.000086
9.370000 0.000085
9.380000 0.000085
9.390000 0.000084
9.400000 0.000083
9.410000 0.000082
9.420000 0.000081
9.430000 0.000080
9.440000 0.000080
9.450000 0.000079
9.460000 0.000078
9.470000 0.000077
9.480000 0.000076
9.490000 0.000076
9.500000 0.000075
9.510000 0.000074
9.520000 0.000073
9.530000 0.000073
9.540000 0.000072
9.550000 0.000071
9.560000 0.000071
9.570000 0.000070
9.580000 0.000069
9.590000 0.000068
9.600000 0.000068
9.610000 0.000067
9.620000 0.000066
9.630000 0.000066
9.640000 0.000065
9.650000 0.000064
9.660000 0.000064
9.670000 0.000063
9.680000 0.000063
9.690000 0.000062
9.700000 0.000061
9.710000 0.000061
9.720000 0.000060
9.730000 0.000059
9.740000 0.000059
9.750000 0.000058
9.760000 0.000058
9.770000 0.000057
9.780000 0.000057
9.790000 0.000056
9.800000 0.000055
9.810000 0.000055
9.820000 0.000054
9.830000 0.000054
9.840000 0.000053
9.850000 0.000053
9.860000 0.000052
9.870000 0.000052
9.880000 0.000051
9.890000 0.000051
9.900000 0.000050
9.910000 0.000050
9.920000 0.000049
9.930000 0.000049
9.940000 0.000048
9.950000 0.000048
9.960000 0.000047
9.970000 0.000047
9.980000 0.000046
9.990000 0.000046
10.000000 0.000045