0.000000 1.500000
0.010000 1.506000
0.020000 1.512061
0.030000 1.518183
0.040000 1.524366
0.050000 1.530610
0.060000 1.536914
0.070000 1.543279
0.080000 1.549704
0.090000 1.556189
0.100000 1.562733
0.110000 1.569337
0.120000 1.576000
0.130000 1.582721
0.140000 1.589501
0.150000 1.596338
0.160000 1.603233
0.170000 1.610185
0.180000 1.617193
0.190000 1.624258
0.200000 1.631378
0.210000 1.638552
0.220000 1.645782
0.230000 1.653065
0.240000 1.660401
0.250000 1.667790
0.260000 1.675231
0.270000 1.682723
0.280000 1.690265
0.290000 1.697858
0.300000 1.705500
0.310000 1.713191
0.320000 1.720929
0.330000 1.728715
0.340000 1.736547
0.350000 1.744425
0.360000 1.752349
0.370000 1.760316
0.380000 1.768327
0.390000 1.776380
0.400000 1.784476
0.410000 1.792613
0.420000 1.800791
0.430000 1.809009
0.440000 1.817265
0.450000 1.825560
0.460000 1.833893
0.470000 1.842262
0.480000 1.850668
0.490000 1.859109
0.500000 1.867585
0.510000 1.876094
0.520000 1.884637
0.530000 1.893213
0.540000 1.901821
0.550000 1.910460
0.560000 1.919129
0.570000 1.927828
0.580000 1.936557
0.590000 1.945314
0.600000 1.954099
0.610000 1.962911
0.620000 1.971751
0.630000 1.980616
0.640000 1.989507
0.650000 1.998422
0.660000 2.007362
0.670000 2.016326
0.680000 2.025313
0.690000 2.034323
0.700000 2.043355
0.710000 2.052408
0.720000 2.061483
0.730000 2.070578
0.740000 2.079694
0.750000 2.088829
0.760000 2.097983
0.770000 2.107156
0.780000 2.116347
0.790000 2.125556
0.800000 2.134782
0.810000 2.144026
0.820000 2.153286
0.830000 2.162562
0.840000 2.171854
0.850000 2.181161
0.860000 2.190484
0.870000 2.199821
0.880000 2.209172
0.890000 2.218537
0.900000 2.227916
0.910000 2.237308
0.920000 2.246714
0.930000 2.256131
0.940000 2.265562
0.950000 2.275004
0.960000 2.284458
0.970000 2.293923
0.980000 2.303400
0.990000 2.312887
1.000000 2.322385
1.010000 2.331894
1.020000 2.341413
1.030000 2.350942
1.040000 2.360480
1.050000 2.370028
1.060000 2.379585
1.070000 2.389151
1.080000 2.398726
1.090000 2.408309
1.100000 2.417901
1.110000 2.427501
1.120000 2.437109
1.130000 2.446724
1.140000 2.456348
1.150000 2.465979
1.160000 2.475617
1.170000 2.485262
1.180000 2.494914
1.190000 2.504573
1.200000 2.514238
1.210000 2.523910
1.220000 2.533588
1.230000 2.543273
1.240000 2.552963
1.250000 2.562659
1.260000 2.572361
1.270000 2.582069
1.280000 2.591782
1.290000 2.601501
1.300000 2.611225
1.310000 2.620954
1.320000 2.630688
1.330000 2.640427
1.340000 2.650170
1.350000 2.659919
1.360000 2.669672
1.370000 2.679429
1.380000 2.689191
1.390000 2.698957
1.400000 2.708728
1.410000 2.718502
1.420000 2.728280
1.430000 2.738063
1.440000 2.747849
1.450000 2.757639
1.460000 2.767433
1.470000 2.777230
1.480000 2.787031
1.490000 2.796835
1.500000 2.806643
1.510000 2.816454
1.520000 2.826269
1.530000 2.836086
1.540000 2.845907
1.550000 2.855730
1.560000 2.865557
1.570000 2.875386
1.580000 2.885219
1.590000 2.895054
1.600000 2.904892
1.610000 2.914732
1.620000 2.924575
1.630000 2.934421
1.640000 2.944270
1.650000 2.954120
1.660000 2.963974
1.670000 2.973829
1.680000 2.983687
1.690000 2.993548
1.700000 3.003410
1.710000 3.013275
1.720000 3.023142
1.730000 3.033011
1.740000 3.042882
1.750000 3.052755
1.760000 3.062630
1.770000 3.072507
1.780000 3.082386
1.790000 3.092266
1.800000 3.102149
1.810000 3.112034
1.820000 3.121920
1.830000 3.131808
1.840000 3.141697
1.850000 3.151589
1.860000 3.161482
1.870000 3.171376
1.880000 3.181273
1.890000 3.191170
1.900000 3.201070
1.910000 3.210970
1.920000 3.220873
1.930000 3.230776
1.940000 3.240681
1.950000 3.250588
1.960000 3.260496
1.970000 3.270405
1.980000 3.280316
1.990000 3.290227
2.000000 3.300140
2.010000 3.310055
2.020000 3.319970
2.030000 3.329887
2.040000 3.339805
2.050000 3.349724
2.060000 3.359644
2.070000 3.369566
2.080000 3.379488
2.090000 3.389412
2.100000 3.399337
2.110000 3.409262
2.120000 3.419189
2.130000 3.429117
2.140000 3.439045
2.150000 3.448975
2.160000 3.458906
2.170000 3.468837
2.180000 3.478770
2.190000 3.488703
2.200000 3.498638
2.210000 3.508573
2.220000 3.518509
2.230000 3.528446
2.240000 3.538383
2.250000 3.548322
2.260000 3.558261
2.270000 3.568202
2.280000 3.578143
2.290000 3.588084
2.300000 3.598027
2.310000 3.607970
2.320000 3.617914
2.330000 3.627859
2.340000 3.637804
2.350000 3.647751
2.360000 3.657697
2.370000 3.667645
2.380000 3.677593
2.390000 3.687542
2.400000 3.697491
2.410000 3.707441
2.420000 3.717392
2.430000 3.727344
2.440000 3.737296
2.450000 3.747248
2.460000 3.757201
2.470000 3.767155
2.480000 3.777109
2.490000 3.787064
2.500000 3.797020
2.510000 3.806976
2.520000 3.816932
2.530000 3.826889
2.540000 3.836847
2.550000 3.846805
2.560000 3.856763
2.570000 3.866722
2.580000 3.876682
2.590000 3.886642
2.600000 3.896602
2.610000 3.906563
2.620000 3.916525
2.630000 3.926487
2.640000 3.936449
2.650000 3.946412
2.660000 3.956375
2.670000 3.966339
2.680000 3.976303
2.690000 3.986267
2.700000 3.996232
2.710000 4.006197
2.720000 4.016163
2.730000 4.026129
2.740000 4.036096
2.750000 4.046063
2.760000 4.056030
2.770000 4.065997
2.780000 4.075965
2.790000 4.085934
2.800000 4.095903
2.810000 4.105872
2.820000 4.115841
2.830000 4.125811
2.840000 4.135781
2.850000 4.145751
2.860000 4.155722
2.870000 4.165693
2.880000 4.175664
2.890000 4.185636
2.900000 4.195608
2.910000 4.205580
2.920000 4.215553
2.930000 4.225526
2.940000 4.235499
2.950000 4.245472
2.960000 4.255446
2.970000 4.265420
2.980000 4.275395
2.990000 4.285369
3.000000 4.295344
3.010000 4.305319
3.020000 4.315295
3.030000 4.325270
3.040000 4.335246
3.050000 4.345222
3.060000 4.355199
3.070000 4.365175
3.080000 4.375152
3.090000 4.385130
3.100000 4.395107
3.110000 4.405085
3.120000 4.415062
3.130000 4.425040
3.140000 4.435019
3.150000 4.444997
3.160000 4.454976
3.170000 4.464955
3.180000 4.474934
3.190000 4.484914
3.200000 4.494893
3.210000 4.504873
3.220000 4.514853
3.230000 4.524833
3.240000 4.534814
3.250000 4.544794
3.260000 4.554775
3.270000 4.564756
3.280000 4.574737
3.290000 4.584718
3.300000 4.594700
3.310000 4.604682
3.320000 4.614664
3.330000 4.624646
3.340000 4.634628
3.350000 4.644610
3.360000 4.654593
3.370000 4.664576
3.380000 4.674559
3.390000 4.684542
3.400000 4.694525
3.410000 4.704508
3.420000 4.714492
3.430000 4.724476
3.440000 4.734460
3.450000 4.744444
3.460000 4.754428
3.470000 4.764412
3.480000 4.774397
3.490000 4.784381
3.500000 4.794366
3.510000 4.804351
3.520000 4.814336
3.530000 4.824321
3.540000 4.834307
3.550000 4.844292
3.560000 4.854278
3.570000 4.864264
3.580000 4.874249
3.590000 4.884235
3.600000 4.894222
3.610000 4.904208
3.620000 4.914194
3.630000 4.924181
3.640000 4.934167
3.650000 4.944154
3.660000 4.954141
3.670000 4.964128
3.680000 4.974115
3.690000 4.984102
3.700000 4.994090
3.710000 5.004077
3.720000 5.014065
3.730000 5.024052
3.740000 5.034040
3.750000 5.044028
3.760000 5.054016
3.770000 5.064004
3.780000 5.073992
3.790000 5.083981
3.800000 5.093969
3.810000 5.103958
3.820000 5.113946
3.830000 5.123935
3.840000 5.133924
3.850000 5.143913
3.860000 5.153902
3.870000 5.163891
3.880000 5.173880
3.890000 5.183869
3.900000 5.193859
3.910000 5.203848
3.920000 5.213838
3.930000 5.223827
3.940000 5.233817
3.950000 5.243807
3.960000 5.253797
3.970000 5.263787
3.980000 5.273777
3.990000 5.283767
4.000000 5.293757
4.010000 5.303748
4.020000 5.313738
4.030000 5.323729
4.040000 5.333719
4.050000 5.343710
4.060000 5.353701
4.070000 5.363692
4.080000 5.373682
4.090000 5.383673
4.100000 5.393664
4.110000 5.403655
4.120000 5.413647
4.130000 5.423638
4.140000 5.433629
4.150000 5.443621
4.160000 5.453612
4.170000 5.463604
4.180000 5.473595
4.190000 5.483587
4.200000 5.493579
4.210000 5.503570
4.220000 5.513562
4.230000 5.523554
4.240000 5.533546
4.250000 5.543538
4.260000 5.553530
4.270000 5.563523
4.280000 5.573515
4.290000 5.583507
4.300000 5.593500
4.310000 5.603492
4.320000 5.613485
4.330000 5.623477
4.340000 5.633470
4.350000 5.643462
4.360000 5.653455
4.370000 5.663448
4.380000 5.673441
4.390000 5.683434
4.400000 5.693427
4.410000 5.703420
4.420000 5.713413
4.430000 5.723406
4.440000 5.733399
4.450000 5.743392
4.460000 5.753385
4.470000 5.763379
4.480000 5.773372
4.490000 5.783366
4.500000 5.793359
4.510000 5.803353
4.520000 5.813346
4.530000 5.823340
4.540000 5.833333
4.550000 5.843327
4.560000 5.853321
4.570000 5.863315
4.580000 5.873309
4.590000 5.883302
4.600000 5.893296
4.610000 5.903290
4.620000 5.913284
4.630000 5.923278
4.640000 5.933273
4.650000 5.943267
4.660000 5.953261
4.670000 5.963255
4.680000 5.973250
4.690000 5.983244
4.700000 5.993238
4.710000 6.003233
4.720000 6.013227
4.730000 6.023222
4.740000 6.033216
4.750000 6.043211
4.760000 6.053205
4.770000 6.063200
4.780000 6.073195
4.790000 6.083189
4.800000 6.093184
4.810000 6.103179
4.820000 6.113174
4.830000 6.123169
4.840000 6.133164
4.850000 6.143159
4.860000 6.153154
4.870000 6.163149
4.880000 6.173144
4.890000 6.183139
4.900000 6.193134
4.910000 6.203129
4.920000 6.213124
4.930000 6.223120
4.940000 6.233115
4.950000 6.243110
4.960000 6.253106
4.970000 6.263101
4.980000 6.273096
4.990000 6.283092
5.000000 6.293087
5.010000 6.303083
5.020000 6.313078
5.030000 6.323074
5.040000 6.333069
5.050000 6.343065
5.060000 6.353061
5.070000 6.363056
5.080000 6.373052
5.090000 6.383048
5.100000 6.393044
5.110000 6.403039
5.120000 6.413035
5.130000 6.423031
5.140000 6.433027
5.150000 6.443023
5.160000 6.453019
5.170000 6.463015
5.180000 6.473011
5.190000 6.483007
5.200000 6.493003
5.210000 6.502999
5.220000 6.512995
5.230000 6.522991
5.240000 6.532987
5.250000 6.542983
5.260000 6.552980
5.270000 6.562976
5.280000 6.572972
5.290000 6.582968
5.300000 6.592965
5.310000 6.602961
5.320000 6.612957
5.330000 6.622954
5.340000 6.632950
5.350000 6.642947
5.360000 6.652943
5.370000 6.662939
5.380000 6.672936
5.390000 6.682932
5.400000 6.692929
5.410000 6.702926
5.420000 6.712922
5.430000 6.722919
5.440000 6.732915
5.450000 6.742912
5.460000 6.752909
5.470000 6.762905
5.480000 6.772902
5.490000 6.782899
5.500000 6.792896
5.510000 6.802892
5.520000 6.812889
5.530000 6.822886
5.540000 6.832883
5.550000 6.842880
5.560000 6.852876
5.570000 6.862873
5.580000 6.872870
5.590000 6.882867
5.600000 6.892864
5.610000 6.902861
5.620000 6.912858
5.630000 6.922855
5.640000 6.932852
5.650000 6.942849
5.660000 6.952846
5.670000 6.962843
5.680000 6.972840
5.690000 6.982838
5.700000 6.992835
5.710000 7.002832
5.720000 7.012829
5.730000 7.022826
5.740000 7.032823
5.750000 7.042821
5.760000 7.052818
5.770000 7.062815
5.780000 7.072812
5.790000 7.082810
5.800000 7.092807
5.810000 7.102804
5.820000 7.112802
5.830000 7.122799
5.840000 7.132796
5.850000 7.142794
5.860000 7.152791
5.870000 7.162789
5.880000 7.172786
5.890000 7.182783
5.900000 7.192781
5.910000 7.202778
5.920000 7.212776
5.930000 7.222773
5.940000 7.232771
5.950000 7.242769
5.960000 7.252766
5.970000 7.262764
5.980000 7.272761
5.990000 7.282759
6.000000 7.292756
6.010000 7.302754
6.020000 7.312752
6.030000 7.322749
6.040000 7.332747
6.050000 7.342745
6.060000 7.352742
6.070000 7.362740
6.080000 7.372738
6.090000 7.382736
6.100000 7.392733
6.110000 7.402731
6.120000 7.412729
6.130000 7.422727
6.140000 7.432724
6.150000 7.442722
6.160000 7.452720
6.170000 7.462718
6.180000 7.472716
6.190000 7.482714
6.200000 7.492712
6.210000 7.502709
6.220000 7.512707
6.230000 7.522705
6.240000 7.532703
6.250000 7.542701
6.260000 7.552699
6.270000 7.562697
6.280000 7.572695
6.290000 7.582693
6.300000 7.592691
6.310000 7.602689
6.320000 7.612687
6.330000 7.622685
6.340000 7.632683
6.350000 7.642681
6.360000 7.652679
6.370000 7.662677
6.380000 7.672675
6.390000 7.682673
6.400000 7.692671
6.410000 7.702670
6.420000 7.712668
6.430000 7.722666
6.440000 7.732664
6.450000 7.742662
6.460000 7.752660
6.470000 7.762658
6.480000 7.772657
6.490000 7.782655
6.500000 7.792653
6.510000 7.802651
6.520000 7.812650
6.530000 7.822648
6.540000 7.832646
6.550000 7.842644
6.560000 7.852643
6.570000 7.862641
6.580000 7.872639
6.590000 7.882637
6.600000 7.892636
6.610000 7.902634
6.620000 7.912632
6.630000 7.922631
6.640000 7.932629
6.650000 7.942627
6.660000 7.952626
6.670000 7.962624
6.680000 7.972622
6.690000 7.982621
6.700000 7.992619
6.710000 8.002618
6.720000 8.012616
6.730000 8.022614
6.740000 8.032613
6.750000 8.042611
6.760000 8.052610
6.770000 8.062608
6.780000 8.072607
6.790000 8.082605
6.800000 8.092604
6.810000 8.102602
6.820000 8.112601
6.830000 8.122599
6.840000 8.132598
6.850000 8.142596
6.860000 8.152595
6.870000 8.162593
6.880000 8.172592
6.890000 8.182590
6.900000 8.192589
6.910000 8.202587
6.920000 8.212586
6.930000 8.222584
6.940000 8.232583
6.950000 8.242582
6.960000 8.252580
6.970000 8.262579
6.980000 8.272577
6.990000 8.282576
7.000000 8.292575
7.010000 8.302573
7.020000 8.312572
7.030000 8.322571
7.040000 8.332569
7.050000 8.342568
7.060000 8.352567
7.070000 8.362565
7.080000 8.372564
7.090000 8.382563
7.100000 8.392561
7.110000 8.402560
7.120000 8.412559
7.130000 8.422557
7.140000 8.432556
7.150000 8.442555
7.160000 8.452554
7.170000 8.462552
7.180000 8.472551
7.190000 8.482550
7.200000 8.492549
7.210000 8.502547
7.220000 8.512546
7.230000 8.522545
7.240000 8.532544
7.250000 8.542543
7.260000 8.552541
7.270000 8.562540
7.280000 8.572539
7.290000 8.582538
7.300000 8.592537
7.310000 8.602535
7.320000 8.612534
7.330000 8.622533
7.340000 8.632532
7.350000 8.642531
7.360000 8.652530
7.370000 8.662528
7.380000 8.672527
7.390000 8.682526
7.400000 8.692525
7.410000 8.702524
7.420000 8.712523
7.430000 8.722522
7.440000 8.732521
7.450000 8.742520
7.460000 8.752518
7.470000 8.762517
7.480000 8.772516
7.490000 8.782515
7.500000 8.792514
7.510000 8.802513
7.520000 8.812512
7.530000 8.822511
7.540000 8.832510
7.550000 8.842509
7.560000 8.852508
7.570000 8.862507
7.580000 8.872506
7.590000 8.882505
7.600000 8.892504
7.610000 8.902503
7.620000 8.912502
7.630000 8.922501
7.640000 8.932500
7.650000 8.942499
7.660000 8.952498
7.670000 8.962497
7.680000 8.972496
7.690000 8.982495
7.700000 8.992494
7.710000 9.002493
7.720000 9.012492
7.730000 9.022491
7.740000 9.032490
7.750000 9.042489
7.760000 9.052488
7.770000 9.062487
7.780000 9.072486
7.790000 9.082485
7.800000 9.092484
7.810000 9.102483
7.820000 9.112482
7.830000 9.122482
7.840000 9.132481
7.850000 9.142480
7.860000 9.152479
7.870000 9.162478
7.880000 9.172477
7.890000 9.182476
7.900000 9.192475
7.910000 9.202474
7.920000 9.212473
7.930000 9.222473
7.940000 9.232472
7.950000 9.242471
7.960000 9.252470
7.970000 9.262469
7.980000 9.272468
7.990000 9.282467
8.000000 9.292467
8.010000 9.302466
8.020000 9.312465
8.030000 9.322464
8.040000 9.332463
8.050000 9.342462
8.060000 9.352462
8.070000 9.362461
8.080000 9.372460
8.090000 9.382459
8.100000 9.392458
8.110000 9.402458
8.120000 9.412457
8.130000 9.422456
8.140000 9.432455
8.150000 9.442454
8.160000 9.452454
8.170000 9.462453
8.180000 9.472452
8.190000 9.482451
8.200000 9.492450
8.210000 9.502450
8.220000 9.512449
8.230000 9.522448
8.240000 9.532447
8.250000 9.542447
8.260000 9.552446
8.270000 9.562445
8.280000 9.572444
8.290000 9.582444
8.300000 9.592443
8.310000 9.602442
8.320000 9.612441
8.330000 9.622441
8.340000 9.632440
8.350000 9.642439
8.360000 9.652439
8.370000 9.662438
8.380000 9.672437
8.390000 9.682436
8.400000 9.692436
8.410000 9.702435
8.420000 9.712434
8.430000 9.722434
8.440000 9.732433
8.450000 9.742432
8.460000 9.752432
8.470000 9.762431
8.480000 9.772430
8.490000 9.782429
8.500000 9.792429
8.510000 9.802428
8.520000 9.812427
8.530000 9.822427
8.540000 9.832426
8.550000 9.842425
8.560000 9.852425
8.570000 9.862424
8.580000 9.872423
8.590000 9.882423
8.600000 9.892422
8.610000 9.902422
8.620000 9.912421
8.630000 9.922420
8.640000 9.932420
8.650000 9.942419
8.660000 9.952418
8.670000 9.962418
8.680000 9.972417
8.690000 9.982416
8.700000 9.992416
8.710000 10.002415
8.720000 10.012415
8.730000 10.022414
8.740000 10.032413
8.750000 10.042413
8.760000 10.052412
8.770000 10.062412
8.780000 10.072411
8.790000 10.082410
8.800000 10.092410
8.810000 10.102409
8.820000 10.112409
8.830000 10.122408
8.840000 10.132407
8.850000 10.142407
8.860000 10.152406
8.870000 10.162406
8.880000 10.172405
8.890000 10.182405
8.900000 10.192404
8.910000 10.202403
8.920000 10.212403
8.930000 10.222402
8.940000 10.232402
8.950000 10.242401
8.960000 10.252401
8.970000 10.262400
8.980000 10.272399
8.990000 10.282399
9.000000 10.292398
9.010000 10.302398
9.020000 10.312397
9.030000 10.322397
9.040000 10.332396
9.050000 10.342396
9.060000 10.352395
9.070000 10.362395
9.080000 10.372394
9.090000 10.382394
9.100000 10.392393
9.110000 10.402392
9.120000 10.412392
9.130000 10.422391
9.140000 10.432391
9.150000 10.442390
9.160000 10.452390
9.170000 10.462389
9.180000 10.472389
9.190000 10.482388
9.200000 10.492388
9.210000 10.502387
9.220000 10.512387
9.230000 10.522386
9.240000 10.532386
9.250000 10.542385
9.260000 10.552385
9.270000 10.562384
9.280000 10.572384
9.290000 10.582383
9.300000 10.592383
9.310000 10.602382
9.320000 10.612382
9.330000 10.622381
9.340000 10.632381
9.350000 10.642380
9.360000 10.652380
9.370000 10.662380
9.380000 10.672379
9.390000 10.682379
9.400000 10.692378
9.410000 10.702378
9.420000 10.712377
9.430000 10.722377
9.440000 10.732376
9.450000 10.742376
9.460000 10.752375
9.470000 10.762375
9.480000 10.772374
9.490000 10.782374
9.500000 10.792374
9.510000 10.802373
9.520000 10.812373
9.530000 10.822372
9.540000 10.832372
9.550000 10.842371
9.560000 10.852371
9.570000 10.862370
9.580000 10.872370
9.590000 10.882370
9.600000 10.892369
9.610000 10.902369
9.620000 10.912368
9.630000 10.922368
9.640000 10.932367
9.650000 10.942367
9.660000 10.952367
9.670000 10.962366
9.680000 10.972366
9.690000 10.982365
9.700000 10.992365
9.710000 11.002365
9.720000 11.012364
9.730000 11.022364
9.740000 11.032363
9.750000 11.042363
9.760000 11.052362
9.770000 11.062362
9.780000 11.072362
9.790000 11.082361
9.800000 11.092361
9.810000 11.102360
9.820000 11.112360
9.830000 11.122360
9.840000 11.132359
9.850000 11.142359
9.860000 11.152358
9.870000 11.162358
9.880000 11.172358
9.890000 11.182357
9.900000 11.192357
9.910000 11.202357
9.920000 11.212356
9.930000 11.222356
9.940000 11.232355
9.950000 11.242355
9.960000 11.252355
9.970000 11.262354
9.980000 11.272354
9.990000 11.282354
10.000000 11.292353