0.000000 1.000000
0.100000 0.909365
0.200000 0.836254
0.300000 0.774864
0.400000 0.726308
0.500000 0.684341
0.600000 0.652572
0.700000 0.623312
0.800000 0.603247
0.900000 0.582013
1.000000 0.570442
1.100000 0.553836
1.200000 0.548908
1.300000 0.534273
1.400000 0.535199
1.500000 0.520193
1.600000 0.527122
1.700000 0.509344
1.800000 0.523384
1.900000 0.499990
2.000000 0.523388
2.100000 0.490635
2.200000 0.527134
2.300000 0.479782
2.400000 0.535221
2.500000 0.465693
2.600000 0.548944
2.700000 0.446115
2.800000 0.570498
2.900000 0.417916
3.000000 0.603332
3.100000 0.376583
3.200000 0.652698
3.300000 0.315504
3.400000 0.726497
3.500000 0.224906
3.600000 0.836534
3.700000 0.090292
3.800000 1.000418
3.900000 -0.109875
4.000000 1.244368
4.100000 -0.407622
4.200000 1.607416
4.300000 -0.850589
4.400000 2.147652
4.500000 -1.509650
4.600000 2.951512
4.700000 -2.490254
4.800000 4.147613
4.900000 -3.949300
5.000000 5.927333
5.100000 -6.120233
5.200000 8.575426
5.300000 -9.350403
5.400000 12.515588
5.500000 -14.156639
5.600000 18.378243
5.700000 -21.307936
5.800000 27.101417
5.900000 -31.948503
6.000000 40.080819
6.100000 -47.780830
6.200000 59.393151
6.300000 -71.338091
6.400000 88.128387
6.500000 -106.389445
6.600000 130.884165
6.700000 -158.543111
6.800000 194.501409
6.900000 -236.143675
7.000000 289.158880
7.100000 -351.607227
7.200000 430.001770
7.300000 -523.407935
7.400000 639.564944
7.500000 -779.033913
7.600000 951.378509
7.700000 -1159.385316
7.800000 1415.332636
7.900000 -1725.318371
8.000000 2105.659984
8.100000 -2567.382364
8.200000 3132.812930
8.300000 -3820.307536
8.400000 4661.135944
8.500000 -5684.561914
8.600000 6935.160710
8.700000 -8458.426198
8.800000 10318.731189
8.900000 -12585.718674
9.000000 15353.218659
9.100000 -18726.806138
9.200000 22844.141114
9.300000 -27864.262583
9.400000 33990.046147
9.500000 -41460.081042
9.600000 50574.278564
9.700000 -61689.592468
9.800000 75250.315552
9.900000 -91789.518689
10.000000 111966.323027