0.000000 1.000000
0.010000 0.990099
0.020000 0.980396
0.030000 0.970883
0.040000 0.961561
0.050000 0.952421
0.060000 0.943464
0.070000 0.934683
0.080000 0.926077
0.090000 0.917639
0.100000 0.909371
0.110000 0.901265
0.120000 0.893320
0.130000 0.885532
0.140000 0.877899
0.150000 0.870416
0.160000 0.863082
0.170000 0.855893
0.180000 0.848847
0.190000 0.841939
0.200000 0.835169
0.210000 0.828532
0.220000 0.822028
0.230000 0.815651
0.240000 0.809402
0.250000 0.803275
0.260000 0.797271
0.270000 0.791384
0.280000 0.785616
0.290000 0.779959
0.300000 0.774417
0.310000 0.768983
0.320000 0.763658
0.330000 0.758436
0.340000 0.753320
0.350000 0.748303
0.360000 0.743388
0.370000 0.738568
0.380000 0.733846
0.390000 0.729214
0.400000 0.724677
0.410000 0.720227
0.420000 0.715868
0.430000 0.711592
0.440000 0.707404
0.450000 0.703296
0.460000 0.699272
0.470000 0.695325
0.480000 0.691459
0.490000 0.687667
0.500000 0.683953
0.510000 0.680309
0.520000 0.676740
0.530000 0.673239
0.540000 0.669811
0.550000 0.666447
0.560000 0.663153
0.570000 0.659921
0.580000 0.656756
0.590000 0.653650
0.600000 0.650610
0.610000 0.647626
0.620000 0.644705
0.630000 0.641838
0.640000 0.639032
0.650000 0.636276
0.660000 0.633581
0.670000 0.630933
0.680000 0.628343
0.690000 0.625799
0.700000 0.623311
0.710000 0.620867
0.720000 0.618477
0.730000 0.616128
0.740000 0.613831
0.750000 0.611575
0.760000 0.609368
0.770000 0.607200
0.780000 0.605080
0.790000 0.602997
0.800000 0.600961
0.810000 0.598958
0.820000 0.597002
0.830000 0.595078
0.840000 0.593199
0.850000 0.591350
0.860000 0.589545
0.870000 0.587768
0.880000 0.586034
0.890000 0.584327
0.900000 0.582661
0.910000 0.581021
0.920000 0.579420
0.930000 0.577844
0.940000 0.576307
0.950000 0.574792
0.960000 0.573315
0.970000 0.571859
0.980000 0.570441
0.990000 0.569041
1.000000 0.567679
1.010000 0.566334
1.020000 0.565026
1.030000 0.563733
1.040000 0.562476
1.050000 0.561234
1.060000 0.560027
1.070000 0.558833
1.080000 0.557674
1.090000 0.556526
1.100000 0.555413
1.110000 0.554310
1.120000 0.553240
1.130000 0.552180
1.140000 0.551153
1.150000 0.550134
1.160000 0.549148
1.170000 0.548168
1.180000 0.547221
1.190000 0.546279
1.200000 0.545370
1.210000 0.544464
1.220000 0.543591
1.230000 0.542721
1.240000 0.541882
1.250000 0.541045
1.260000 0.540241
1.270000 0.539436
1.280000 0.538663
1.290000 0.537889
1.300000 0.537148
1.310000 0.536403
1.320000 0.535691
1.330000 0.534976
1.340000 0.534292
1.350000 0.533604
1.360000 0.532948
1.370000 0.532286
1.380000 0.531657
1.390000 0.531020
1.400000 0.530416
1.410000 0.529803
1.420000 0.529224
1.430000 0.528634
1.440000 0.528079
1.450000 0.527511
1.460000 0.526978
1.470000 0.526432
1.480000 0.525921
1.490000 0.525395
1.500000 0.524905
1.510000 0.524399
1.520000 0.523929
1.530000 0.523442
1.540000 0.522991
1.550000 0.522522
1.560000 0.522091
1.570000 0.521638
1.580000 0.521225
1.590000 0.520789
1.600000 0.520393
1.610000 0.519974
1.620000 0.519595
1.630000 0.519190
1.640000 0.518827
1.650000 0.518437
1.660000 0.518089
1.670000 0.517713
1.680000 0.517381
1.690000 0.517018
1.700000 0.516700
1.710000 0.516350
1.720000 0.516046
1.730000 0.515708
1.740000 0.515418
1.750000 0.515091
1.760000 0.514814
1.770000 0.514499
1.780000 0.514234
1.790000 0.513929
1.800000 0.513677
1.810000 0.513382
1.820000 0.513142
1.830000 0.512857
1.840000 0.512628
1.850000 0.512352
1.860000 0.512133
1.870000 0.511866
1.880000 0.511659
1.890000 0.511400
1.900000 0.511203
1.910000 0.510952
1.920000 0.510765
1.930000 0.510521
1.940000 0.510344
1.950000 0.510107
1.960000 0.509940
1.970000 0.509710
1.980000 0.509551
1.990000 0.509328
2.000000 0.509178
2.010000 0.508961
2.020000 0.508820
2.030000 0.508608
2.040000 0.508475
2.050000 0.508269
2.060000 0.508145
2.070000 0.507943
2.080000 0.507827
2.090000 0.507630
2.100000 0.507522
2.110000 0.507329
2.120000 0.507228
2.130000 0.507040
2.140000 0.506947
2.150000 0.506762
2.160000 0.506676
2.170000 0.506495
2.180000 0.506417
2.190000 0.506238
2.200000 0.506167
2.210000 0.505992
2.220000 0.505927
2.230000 0.505755
2.240000 0.505697
2.250000 0.505527
2.260000 0.505476
2.270000 0.505308
2.280000 0.505264
2.290000 0.505097
2.300000 0.505060
2.310000 0.504895
2.320000 0.504864
2.330000 0.504700
2.340000 0.504676
2.350000 0.504513
2.360000 0.504496
2.370000 0.504333
2.380000 0.504322
2.390000 0.504160
2.400000 0.504156
2.410000 0.503994
2.420000 0.503996
2.430000 0.503834
2.440000 0.503843
2.450000 0.503681
2.460000 0.503695
2.470000 0.503533
2.480000 0.503554
2.490000 0.503391
2.500000 0.503419
2.510000 0.503254
2.520000 0.503288
2.530000 0.503122
2.540000 0.503163
2.550000 0.502996
2.560000 0.503044
2.570000 0.502874
2.580000 0.502929
2.590000 0.502757
2.600000 0.502818
2.610000 0.502644
2.620000 0.502713
2.630000 0.502536
2.640000 0.502611
2.650000 0.502431
2.660000 0.502514
2.670000 0.502331
2.680000 0.502421
2.690000 0.502234
2.700000 0.502331
2.710000 0.502141
2.720000 0.502246
2.730000 0.502051
2.740000 0.502164
2.750000 0.501964
2.760000 0.502085
2.770000 0.501881
2.780000 0.502010
2.790000 0.501800
2.800000 0.501938
2.810000 0.501723
2.820000 0.501869
2.830000 0.501648
2.840000 0.501803
2.850000 0.501576
2.860000 0.501740
2.870000 0.501506
2.880000 0.501680
2.890000 0.501439
2.900000 0.501622
2.910000 0.501374
2.920000 0.501567
2.930000 0.501312
2.940000 0.501515
2.950000 0.501251
2.960000 0.501465
2.970000 0.501192
2.980000 0.501417
2.990000 0.501136
3.000000 0.501372
3.010000 0.501081
3.020000 0.501328
3.030000 0.501028
3.040000 0.501287
3.050000 0.500976
3.060000 0.501248
3.070000 0.500926
3.080000 0.501211
3.090000 0.500878
3.100000 0.501176
3.110000 0.500831
3.120000 0.501143
3.130000 0.500785
3.140000 0.501111
3.150000 0.500741
3.160000 0.501082
3.170000 0.500697
3.180000 0.501054
3.190000 0.500655
3.200000 0.501028
3.210000 0.500614
3.220000 0.501003
3.230000 0.500574
3.240000 0.500980
3.250000 0.500535
3.260000 0.500959
3.270000 0.500497
3.280000 0.500939
3.290000 0.500459
3.300000 0.500920
3.310000 0.500422
3.320000 0.500904
3.330000 0.500386
3.340000 0.500888
3.350000 0.500351
3.360000 0.500874
3.370000 0.500316
3.380000 0.500861
3.390000 0.500281
3.400000 0.500850
3.410000 0.500247
3.420000 0.500840
3.430000 0.500213
3.440000 0.500832
3.450000 0.500180
3.460000 0.500825
3.470000 0.500147
3.480000 0.500819
3.490000 0.500114
3.500000 0.500814
3.510000 0.500082
3.520000 0.500811
3.530000 0.500049
3.540000 0.500809
3.550000 0.500017
3.560000 0.500808
3.570000 0.499985
3.580000 0.500809
3.590000 0.499952
3.600000 0.500811
3.610000 0.499920
3.620000 0.500814
3.630000 0.499887
3.640000 0.500818
3.650000 0.499855
3.660000 0.500824
3.670000 0.499822
3.680000 0.500831
3.690000 0.499788
3.700000 0.500840
3.710000 0.499755
3.720000 0.500850
3.730000 0.499721
3.740000 0.500861
3.750000 0.499686
3.760000 0.500873
3.770000 0.499652
3.780000 0.500887
3.790000 0.499616
3.800000 0.500903
3.810000 0.499580
3.820000 0.500919
3.830000 0.499543
3.840000 0.500938
3.850000 0.499506
3.860000 0.500958
3.870000 0.499467
3.880000 0.500979
3.890000 0.499428
3.900000 0.501002
3.910000 0.499388
3.920000 0.501026
3.930000 0.499347
3.940000 0.501052
3.950000 0.499305
3.960000 0.501080
3.970000 0.499262
3.980000 0.501110
3.990000 0.499217
4.000000 0.501141
4.010000 0.499172
4.020000 0.501174
4.030000 0.499125
4.040000 0.501209
4.050000 0.499076
4.060000 0.501246
4.070000 0.499027
4.080000 0.501285
4.090000 0.498975
4.100000 0.501326
4.110000 0.498922
4.120000 0.501369
4.130000 0.498867
4.140000 0.501414
4.150000 0.498811
4.160000 0.501462
4.170000 0.498752
4.180000 0.501512
4.190000 0.498692
4.200000 0.501564
4.210000 0.498629
4.220000 0.501619
4.230000 0.498565
4.240000 0.501676
4.250000 0.498497
4.260000 0.501736
4.270000 0.498428
4.280000 0.501799
4.290000 0.498356
4.300000 0.501865
4.310000 0.498281
4.320000 0.501934
4.330000 0.498204
4.340000 0.502006
4.350000 0.498124
4.360000 0.502081
4.370000 0.498041
4.380000 0.502159
4.390000 0.497954
4.400000 0.502241
4.410000 0.497865
4.420000 0.502326
4.430000 0.497772
4.440000 0.502415
4.450000 0.497675
4.460000 0.502508
4.470000 0.497575
4.480000 0.502606
4.490000 0.497470
4.500000 0.502707
4.510000 0.497362
4.520000 0.502812
4.530000 0.497250
4.540000 0.502922
4.550000 0.497133
4.560000 0.503037
4.570000 0.497011
4.580000 0.503156
4.590000 0.496885
4.600000 0.503281
4.610000 0.496754
4.620000 0.503411
4.630000 0.496617
4.640000 0.503546
4.650000 0.496475
4.660000 0.503687
4.670000 0.496328
4.680000 0.503834
4.690000 0.496175
4.700000 0.503987
4.710000 0.496015
4.720000 0.504146
4.730000 0.495849
4.740000 0.504313
4.750000 0.495677
4.760000 0.504485
4.770000 0.495497
4.780000 0.504666
4.790000 0.495311
4.800000 0.504853
4.810000 0.495117
4.820000 0.505048
4.830000 0.494915
4.840000 0.505252
4.850000 0.494705
4.860000 0.505464
4.870000 0.494486
4.880000 0.505684
4.890000 0.494259
4.900000 0.505914
4.910000 0.494022
4.920000 0.506153
4.930000 0.493776
4.940000 0.506402
4.950000 0.493520
4.960000 0.506661
4.970000 0.493254
4.980000 0.506931
4.990000 0.492976
5.000000 0.507212
5.010000 0.492688
5.020000 0.507504
5.030000 0.492388
5.040000 0.507809
5.050000 0.492075
5.060000 0.508126
5.070000 0.491750
5.080000 0.508456
5.090000 0.491412
5.100000 0.508799
5.110000 0.491060
5.120000 0.509157
5.130000 0.490694
5.140000 0.509529
5.150000 0.490313
5.160000 0.509917
5.170000 0.489916
5.180000 0.510320
5.190000 0.489503
5.200000 0.510740
5.210000 0.489073
5.220000 0.511177
5.230000 0.488626
5.240000 0.511632
5.250000 0.488161
5.260000 0.512106
5.270000 0.487677
5.280000 0.512599
5.290000 0.487173
5.300000 0.513112
5.310000 0.486648
5.320000 0.513646
5.330000 0.486103
5.340000 0.514202
5.350000 0.485535
5.360000 0.514780
5.370000 0.484943
5.380000 0.515382
5.390000 0.484328
5.400000 0.516009
5.410000 0.483688
5.420000 0.516662
5.430000 0.483021
5.440000 0.517341
5.450000 0.482328
5.460000 0.518048
5.470000 0.481606
5.480000 0.518784
5.490000 0.480854
5.500000 0.519549
5.510000 0.480072
5.520000 0.520347
5.530000 0.479258
5.540000 0.521176
5.550000 0.478411
5.560000 0.522040
5.570000 0.477530
5.580000 0.522939
5.590000 0.476612
5.600000 0.523874
5.610000 0.475657
5.620000 0.524848
5.630000 0.474663
5.640000 0.525861
5.650000 0.473629
5.660000 0.526916
5.670000 0.472552
5.680000 0.528014
5.690000 0.471432
5.700000 0.529157
5.710000 0.470266
5.720000 0.530346
5.730000 0.469052
5.740000 0.531584
5.750000 0.467788
5.760000 0.532873
5.770000 0.466473
5.780000 0.534214
5.790000 0.465105
5.800000 0.535609
5.810000 0.463680
5.820000 0.537062
5.830000 0.462198
5.840000 0.538574
5.850000 0.460655
5.860000 0.540148
5.870000 0.459049
5.880000 0.541786
5.890000 0.457378
5.900000 0.543491
5.910000 0.455638
5.920000 0.545265
5.930000 0.453827
5.940000 0.547112
5.950000 0.451943
5.960000 0.549035
5.970000 0.449982
5.980000 0.551035
5.990000 0.447940
6.000000 0.553118
6.010000 0.445815
6.020000 0.555285
6.030000 0.443604
6.040000 0.557541
6.050000 0.441302
6.060000 0.559889
6.070000 0.438907
6.080000 0.562333
6.090000 0.436414
6.100000 0.564876
6.110000 0.433818
6.120000 0.567523
6.130000 0.431118
6.140000 0.570279
6.150000 0.428306
6.160000 0.573146
6.170000 0.425381
6.180000 0.576131
6.190000 0.422335
6.200000 0.579238
6.210000 0.419166
6.220000 0.582471
6.230000 0.415867
6.240000 0.585836
6.250000 0.412433
6.260000 0.589339
6.270000 0.408860
6.280000 0.592985
6.290000 0.405141
6.300000 0.596779
6.310000 0.401269
6.320000 0.600728
6.330000 0.397240
6.340000 0.604839
6.350000 0.393047
6.360000 0.609117
6.370000 0.388682
6.380000 0.613570
6.390000 0.384139
6.400000 0.618204
6.410000 0.379411
6.420000 0.623028
6.430000 0.374490
6.440000 0.628048
6.450000 0.369368
6.460000 0.633273
6.470000 0.364037
6.480000 0.638712
6.490000 0.358489
6.500000 0.644372
6.510000 0.352714
6.520000 0.650264
6.530000 0.346703
6.540000 0.656395
6.550000 0.340447
6.560000 0.662778
6.570000 0.333936
6.580000 0.669420
6.590000 0.327160
6.600000 0.676334
6.610000 0.320106
6.620000 0.683530
6.630000 0.312765
6.640000 0.691019
6.650000 0.305124
6.660000 0.698814
6.670000 0.297172
6.680000 0.706927
6.690000 0.288895
6.700000 0.715371
6.710000 0.280280
6.720000 0.724160
6.730000 0.271313
6.740000 0.733308
6.750000 0.261981
6.760000 0.742828
6.770000 0.252268
6.780000 0.752738
6.790000 0.242158
6.800000 0.763051
6.810000 0.231636
6.820000 0.773786
6.830000 0.220685
6.840000 0.784958
6.850000 0.209287
6.860000 0.796587
6.870000 0.197423
6.880000 0.808690
6.890000 0.185075
6.900000 0.821287
6.910000 0.172224
6.920000 0.834398
6.930000 0.158848
6.940000 0.848044
6.950000 0.144926
6.960000 0.862247
6.970000 0.130436
6.980000 0.877030
6.990000 0.115355
7.000000 0.892415
7.010000 0.099659
7.020000 0.908429
7.030000 0.083321
7.040000 0.925096
7.050000 0.066318
7.060000 0.942444
7.070000 0.048620
7.080000 0.960499
7.090000 0.030200
7.100000 0.979291
7.110000 0.011028
7.120000 0.998850
7.130000 -0.008926
7.140000 1.019207
7.150000 -0.029694
7.160000 1.040394
7.170000 -0.051310
7.180000 1.062447
7.190000 -0.073808
7.200000 1.085399
7.210000 -0.097224
7.220000 1.109288
7.230000 -0.121595
7.240000 1.134152
7.250000 -0.146961
7.260000 1.160030
7.270000 -0.173362
7.280000 1.186965
7.290000 -0.200841
7.300000 1.214998
7.310000 -0.229441
7.320000 1.244176
7.330000 -0.259208
7.340000 1.274544
7.350000 -0.290190
7.360000 1.306152
7.370000 -0.322436
7.380000 1.339049
7.390000 -0.355998
7.400000 1.373289
7.410000 -0.390929
7.420000 1.408926
7.430000 -0.427286
7.440000 1.446018
7.450000 -0.465127
7.460000 1.484623
7.470000 -0.504512
7.480000 1.524804
7.490000 -0.545504
7.500000 1.566624
7.510000 -0.588169
7.520000 1.610150
7.530000 -0.632575
7.540000 1.655453
7.550000 -0.678793
7.560000 1.702605
7.570000 -0.726898
7.580000 1.751681
7.590000 -0.776965
7.600000 1.802760
7.610000 -0.829075
7.620000 1.855923
7.630000 -0.883312
7.640000 1.911255
7.650000 -0.939762
7.660000 1.968846
7.670000 -0.998516
7.680000 2.028786
7.690000 -1.059668
7.700000 2.091173
7.710000 -1.123314
7.720000 2.156106
7.730000 -1.189559
7.740000 2.223688
7.750000 -1.258506
7.760000 2.294028
7.770000 -1.330267
7.780000 2.367239
7.790000 -1.404957
7.800000 2.443437
7.810000 -1.482694
7.820000 2.522745
7.830000 -1.563604
7.840000 2.605289
7.850000 -1.647816
7.860000 2.691202
7.870000 -1.735464
7.880000 2.780620
7.890000 -1.826689
7.900000 2.873688
7.910000 -1.921636
7.920000 2.970553
7.930000 -2.020458
7.940000 3.071372
7.950000 -2.123313
7.960000 3.176304
7.970000 -2.230365
7.980000 3.285519
7.990000 -2.341786
8.000000 3.399190
8.010000 -2.457754
8.020000 3.517500
8.030000 -2.578454
8.040000 3.640638
8.050000 -2.704079
8.060000 3.768802
8.070000 -2.834831
8.080000 3.902195
8.090000 -2.970919
8.100000 4.041032
8.110000 -3.112560
8.120000 4.185534
8.130000 -3.259982
8.140000 4.335933
8.150000 -3.413419
8.160000 4.492470
8.170000 -3.573118
8.180000 4.655395
8.190000 -3.739334
8.200000 4.824968
8.210000 -3.912332
8.220000 5.001461
8.230000 -4.092391
8.240000 5.185157
8.250000 -4.279797
8.260000 5.376349
8.270000 -4.474851
8.280000 5.575343
8.290000 -4.677865
8.300000 5.782457
8.310000 -4.889163
8.320000 5.998024
8.330000 -5.109084
8.340000 6.222387
8.350000 -5.337979
8.360000 6.455907
8.370000 -5.576216
8.380000 6.698955
8.390000 -5.824174
8.400000 6.951922
8.410000 -6.082251
8.420000 7.215212
8.430000 -6.350859
8.440000 7.489247
8.450000 -6.630429
8.460000 7.774464
8.470000 -6.921408
8.480000 8.071320
8.490000 -7.224260
8.500000 8.380290
8.510000 -7.539472
8.520000 8.701869
8.530000 -7.867547
8.540000 9.036571
8.550000 -8.209010
8.560000 9.384932
8.570000 -8.564407
8.580000 9.747508
8.590000 -8.934307
8.600000 10.124880
8.610000 -9.319303
8.620000 10.517652
8.630000 -9.720009
8.640000 10.926453
8.650000 -10.137067
8.660000 11.351935
8.670000 -10.571144
8.680000 11.794781
8.690000 -11.022935
8.700000 12.255698
8.710000 -11.493163
8.720000 12.735425
8.730000 -11.982580
8.740000 13.234728
8.750000 -12.491969
8.760000 13.754407
8.770000 -13.022146
8.780000 14.295293
8.790000 -13.573957
8.800000 14.858251
8.810000 -14.148287
8.820000 15.444183
8.830000 -14.746055
8.840000 16.054025
8.850000 -15.368216
8.860000 16.688753
8.870000 -16.015766
8.880000 17.349384
8.890000 -16.689741
8.900000 18.036974
8.910000 -17.391220
8.920000 18.752622
8.930000 -18.121325
8.940000 19.497475
8.950000 -18.881224
8.960000 20.272724
8.970000 -19.672133
8.980000 21.079610
8.990000 -20.495317
9.000000 21.919422
9.010000 -21.352094
9.020000 22.793506
9.030000 -22.243835
9.040000 23.703260
9.050000 -23.171965
9.060000 24.650138
9.070000 -24.137971
9.080000 25.635657
9.090000 -25.143397
9.100000 26.661393
9.110000 -26.189853
9.120000 27.728987
9.130000 -27.279012
9.140000 28.840148
9.150000 -28.412618
9.160000 29.996652
9.170000 -29.592484
9.180000 31.200352
9.190000 -30.820498
9.200000 32.453172
9.210000 -32.098625
9.220000 33.757117
9.230000 -33.428910
9.240000 35.114273
9.250000 -34.813481
9.260000 36.526812
9.270000 -36.254553
9.280000 37.996994
9.290000 -37.754433
9.300000 39.527172
9.310000 -39.315520
9.320000 41.119792
9.330000 -40.940311
9.340000 42.777405
9.350000 -42.631408
9.360000 44.502661
9.370000 -44.391514
9.380000 46.298322
9.390000 -46.223447
9.400000 48.167260
9.410000 -48.130137
9.420000 50.112465
9.430000 -50.114636
9.440000 52.137050
9.450000 -52.180118
9.460000 54.244255
9.470000 -54.329888
9.480000 56.437451
9.490000 -56.567386
9.500000 58.720146
9.510000 -58.896192
9.520000 61.095994
9.530000 -61.320032
9.540000 63.568795
9.550000 -63.842783
9.560000 66.142506
9.570000 -66.468484
9.580000 68.821246
9.590000 -69.201334
9.600000 71.609299
9.610000 -72.045705
9.620000 74.511127
9.630000 -75.006151
9.640000 77.531373
9.650000 -78.087406
9.660000 80.674870
9.670000 -81.294400
9.680000 83.946646
9.690000 -84.632266
9.700000 87.351936
9.710000 -88.106344
9.720000 90.896190
9.730000 -91.722191
9.740000 94.585078
9.750000 -95.485594
9.760000 98.424501
9.770000 -99.402574
9.780000 102.420604
9.790000 -103.479398
9.800000 106.579780
9.810000 -107.722590
9.820000 110.908684
9.830000 -112.138937
9.840000 115.414241
9.850000 -116.735507
9.860000 120.103662
9.870000 -121.519653
9.880000 124.984448
9.890000 -126.499031
9.900000 130.064409
9.910000 -131.681607
9.920000 135.351673
9.930000 -137.075674
9.940000 140.854700
9.950000 -142.689862
9.960000 146.582295
9.970000 -148.533154
9.980000 152.543621
9.990000 -154.614899
10.000000 158.748217