-10.000000 0.000000
-9.975000 0.000000
-9.925000 0.000000
-9.875000 0.000000
-9.825000 0.000000
-9.775000 0.000000
-9.725000 0.000000
-9.675000 0.000000
-9.625000 0.000000
-9.575000 0.000000
-9.525000 0.000000
-9.475000 0.000000
-9.425000 0.000000
-9.375000 0.000000
-9.325000 0.000000
-9.275000 0.000000
-9.225000 0.000000
-9.175000 0.000000
-9.125000 0.000000
-9.075000 0.000000
-9.025000 0.000000
-8.975000 0.000000
-8.925000 0.000000
-8.875000 0.000000
-8.825000 0.000000
-8.775000 0.000000
-8.725000 0.000000
-8.675000 0.000000
-8.625000 0.000000
-8.575000 0.000000
-8.525000 0.000000
-8.475000 0.000000
-8.425000 0.000000
-8.375000 0.000000
-8.325000 0.000000
-8.275000 0.000000
-8.225000 0.000000
-8.175000 0.000000
-8.125000 0.000000
-8.075000 0.000000
-8.025000 0.000000
-7.975000 0.000000
-7.925000 0.000000
-7.875000 0.000000
-7.825000 0.000000
-7.775000 0.000000
-7.725000 0.000000
-7.675000 0.000000
-7.625000 0.000000
-7.575000 0.000000
-7.525000 0.000000
-7.475000 0.000000
-7.425000 0.000000
-7.375000 0.000000
-7.325000 0.000000
-7.275000 0.000000
-7.225000 0.000000
-7.175000 0.000000
-7.125000 0.000000
-7.075000 0.000000
-7.025000 0.000000
-6.975000 0.000000
-6.925000 0.000000
-6.875000 0.000000
-6.825000 0.000000
-6.775000 0.000000
-6.725000 0.000000
-6.675000 0.000000
-6.625000 0.000000
-6.575000 0.000000
-6.525000 0.000000
-6.475000 0.000000
-6.425000 0.000000
-6.375000 0.000000
-6.325000 0.000000
-6.275000 0.000000
-6.225000 0.000000
-6.175000 0.000000
-6.125000 0.000000
-6.075000 0.000000
-6.025000 0.000000
-5.975000 0.000000
-5.925000 0.000000
-5.875000 0.000000
-5.825000 0.000000
-5.775000 0.000000
-5.725000 0.000000
-5.675000 0.000000
-5.625000 0.000000
-5.575000 0.000000
-5.525000 0.000000
-5.475000 0.000000
-5.425000 0.000000
-5.375000 0.000000
-5.325000 0.000000
-5.275000 0.000000
-5.225000 0.000000
-5.175000 0.000000
-5.125000 0.000000
-5.075000 0.000000
-5.025000 0.000000
-4.975000 0.000000
-4.925000 0.000000
-4.875000 0.000000
-4.825000 0.000000
-4.775000 0.000000
-4.725000 0.000000
-4.675000 0.000000
-4.625000 0.000000
-4.575000 0.000000
-4.525000 0.000000
-4.475000 0.000000
-4.425000 0.000000
-4.375000 0.000000
-4.325000 0.000000
-4.275000 0.000000
-4.225000 0.000000
-4.175000 0.000000
-4.125000 0.000000
-4.075000 0.000000
-4.025000 0.000000
-3.975000 0.000000
-3.925000 0.000000
-3.875000 0.000000
-3.825000 0.000000
-3.775000 0.000000
-3.725000 0.000000
-3.675000 0.000000
-3.625000 0.000000
-3.575000 0.000000
-3.525000 0.000000
-3.475000 0.000000
-3.425000 0.000000
-3.375000 0.000000
-3.325000 0.000001
-3.275000 0.000001
-3.225000 0.000001
-3.175000 0.000001
-3.125000 0.000001
-3.075000 0.000002
-3.025000 0.000002
-2.975000 0.000003
-2.925000 0.000003
-2.875000 0.000004
-2.825000 0.000005
-2.775000 0.000006
-2.725000 0.000008
-2.675000 0.000009
-2.625000 0.000011
-2.575000 0.000014
-2.525000 0.000017
-2.475000 0.000021
-2.425000 0.000025
-2.375000 0.000030
-2.325000 0.000036
-2.275000 0.000044
-2.225000 0.000053
-2.175000 0.000063
-2.125000 0.000075
-2.075000 0.000090
-2.025000 0.000107
-1.975000 0.000127
-1.925000 0.000151
-1.875000 0.000179
-1.825000 0.000211
-1.775000 0.000249
-1.725000 0.000293
-1.675000 0.000345
-1.625000 0.000404
-1.575000 0.000473
-1.525000 0.000552
-1.475000 0.000644
-1.425000 0.000749
-1.375000 0.000870
-1.325000 0.001008
-1.275000 0.001166
-1.225000 0.001346
-1.175000 0.001551
-1.125000 0.001783
-1.075000 0.002047
-1.025000 0.002345
-0.975000 0.002681
-0.925000 0.003060
-0.875000 0.003486
-0.825000 0.003963
-0.775000 0.004497
-0.725000 0.005094
-0.675000 0.005758
-0.625000 0.006497
-0.575000 0.007318
-0.525000 0.008226
-0.475000 0.009229
-0.425000 0.010336
-0.375000 0.011554
-0.325000 0.012891
-0.275000 0.014357
-0.225000 0.015959
-0.175000 0.017707
-0.125000 0.019610
-0.075000 0.021677
-0.025000 0.023918
0.025000 0.026343
0.075000 0.028959
0.125000 0.031777
0.175000 0.034805
0.225000 0.038052
0.275000 0.041525
0.325000 0.045233
0.375000 0.049182
0.425000 0.053378
0.475000 0.057826
0.525000 0.062532
0.575000 0.067498
0.625000 0.072726
0.675000 0.078217
0.725000 0.083971
0.775000 0.089985
0.825000 0.096256
0.875000 0.102778
0.925000 0.109545
0.975000 0.116548
1.025000 0.123776
1.075000 0.131217
1.125000 0.138856
1.175000 0.146676
1.225000 0.154661
1.275000 0.162789
1.325000 0.171038
1.375000 0.179386
1.425000 0.187806
1.475000 0.196272
1.525000 0.204755
1.575000 0.213227
1.625000 0.221655
1.675000 0.230009
1.725000 0.238255
1.775000 0.246361
1.825000 0.254293
1.875000 0.262018
1.925000 0.269501
1.975000 0.276710
2.025000 0.283611
2.075000 0.290174
2.125000 0.296367
2.175000 0.302161
2.225000 0.307528
2.275000 0.312442
2.325000 0.316879
2.375000 0.320816
2.425000 0.324234
2.475000 0.327115
2.525000 0.329446
2.575000 0.331215
2.625000 0.332412
2.675000 0.333031
2.725000 0.333071
2.775000 0.332530
2.825000 0.331413
2.875000 0.329724
2.925000 0.327474
2.975000 0.324674
3.025000 0.321340
3.075000 0.317487
3.125000 0.313136
3.175000 0.308309
3.225000 0.303030
3.275000 0.297326
3.325000 0.291223
3.375000 0.284752
3.425000 0.277942
3.475000 0.270826
3.525000 0.263436
3.575000 0.255803
3.625000 0.247963
3.675000 0.239947
3.725000 0.231789
3.775000 0.223522
3.825000 0.215177
3.875000 0.206786
3.925000 0.198379
3.975000 0.189985
4.025000 0.181632
4.075000 0.173347
4.125000 0.165154
4.175000 0.157077
4.225000 0.149137
4.275000 0.141354
4.325000 0.133746
4.375000 0.126329
4.425000 0.119118
4.475000 0.112124
4.525000 0.105359
4.575000 0.098832
4.625000 0.092548
4.675000 0.086515
4.725000 0.080735
4.775000 0.075212
4.825000 0.069945
4.875000 0.064935
4.925000 0.060179
4.975000 0.055676
5.025000 0.051420
5.075000 0.047408
5.125000 0.043633
5.175000 0.040090
5.225000 0.036770
5.275000 0.033667
5.325000 0.030773
5.375000 0.028078
5.425000 0.025576
5.475000 0.023256
5.525000 0.021109
5.575000 0.019128
5.625000 0.017303
5.675000 0.015624
5.725000 0.014084
5.775000 0.012674
5.825000 0.011385
5.875000 0.010209
5.925000 0.009139
5.975000 0.008167
6.025000 0.007286
6.075000 0.006488
6.125000 0.005768
6.175000 0.005118
6.225000 0.004534
6.275000 0.004010
6.325000 0.003540
6.375000 0.003119
6.425000 0.002744
6.475000 0.002410
6.525000 0.002112
6.575000 0.001848
6.625000 0.001615
6.675000 0.001408
6.725000 0.001226
6.775000 0.001065
6.825000 0.000924
6.875000 0.000800
6.925000 0.000691
6.975000 0.000597
7.025000 0.000514
7.075000 0.000442
7.125000 0.000379
7.175000 0.000325
7.225000 0.000278
7.275000 0.000237
7.325000 0.000202
7.375000 0.000172
7.425000 0.000146
7.475000 0.000124
7.525000 0.000105
7.575000 0.000088
7.625000 0.000075
7.675000 0.000063
7.725000 0.000053
7.775000 0.000044
7.825000 0.000037
7.875000 0.000031
7.925000 0.000026
7.975000 0.000022
8.025000 0.000018
8.075000 0.000015
8.125000 0.000012
8.175000 0.000010
8.225000 0.000008
8.275000 0.000007
8.325000 0.000006
8.375000 0.000005
8.425000 0.000004
8.475000 0.000003
8.525000 0.000003
8.575000 0.000002
8.625000 0.000002
8.675000 0.000001
8.725000 0.000001
8.775000 0.000001
8.825000 0.000001
8.875000 0.000001
8.925000 0.000000
8.975000 0.000000
9.025000 0.000000
9.075000 0.000000
9.125000 0.000000
9.175000 0.000000
9.225000 0.000000
9.275000 0.000000
9.325000 0.000000
9.375000 0.000000
9.425000 0.000000
9.475000 0.000000
9.525000 0.000000
9.575000 0.000000
9.625000 0.000000
9.675000 0.000000
9.725000 0.000000
9.775000 0.000000
9.825000 0.000000
9.875000 0.000000
9.925000 0.000000
9.975000 0.000000
10.000000 0.000000