-10.000000 0.000000
-9.975000 0.000000
-9.925000 0.000000
-9.875000 0.000000
-9.825000 0.000000
-9.775000 0.000000
-9.725000 0.000000
-9.675000 0.000000
-9.625000 0.000000
-9.575000 0.000000
-9.525000 0.000000
-9.475000 0.000000
-9.425000 0.000000
-9.375000 0.000000
-9.325000 0.000000
-9.275000 0.000000
-9.225000 0.000000
-9.175000 0.000000
-9.125000 0.000000
-9.075000 0.000000
-9.025000 0.000000
-8.975000 0.000000
-8.925000 0.000000
-8.875000 0.000000
-8.825000 0.000000
-8.775000 0.000000
-8.725000 0.000000
-8.675000 0.000000
-8.625000 0.000001
-8.575000 0.000001
-8.525000 0.000001
-8.475000 0.000001
-8.425000 0.000001
-8.375000 0.000002
-8.325000 0.000002
-8.275000 0.000002
-8.225000 0.000003
-8.175000 0.000003
-8.125000 0.000004
-8.075000 0.000005
-8.025000 0.000006
-7.975000 0.000007
-7.925000 0.000008
-7.875000 0.000010
-7.825000 0.000012
-7.775000 0.000014
-7.725000 0.000017
-7.675000 0.000020
-7.625000 0.000024
-7.575000 0.000029
-7.525000 0.000034
-7.475000 0.000040
-7.425000 0.000047
-7.375000 0.000055
-7.325000 0.000065
-7.275000 0.000076
-7.225000 0.000090
-7.175000 0.000105
-7.125000 0.000122
-7.075000 0.000143
-7.025000 0.000166
-6.975000 0.000193
-6.925000 0.000225
-6.875000 0.000260
-6.825000 0.000301
-6.775000 0.000348
-6.725000 0.000402
-6.675000 0.000463
-6.625000 0.000532
-6.575000 0.000612
-6.525000 0.000701
-6.475000 0.000803
-6.425000 0.000918
-6.375000 0.001048
-6.325000 0.001195
-6.275000 0.001360
-6.225000 0.001545
-6.175000 0.001753
-6.125000 0.001986
-6.075000 0.002247
-6.025000 0.002537
-5.975000 0.002861
-5.925000 0.003221
-5.875000 0.003621
-5.825000 0.004065
-5.775000 0.004556
-5.725000 0.005099
-5.675000 0.005698
-5.625000 0.006357
-5.575000 0.007081
-5.525000 0.007876
-5.475000 0.008747
-5.425000 0.009699
-5.375000 0.010738
-5.325000 0.011870
-5.275000 0.013103
-5.225000 0.014441
-5.175000 0.015892
-5.125000 0.017461
-5.075000 0.019157
-5.025000 0.020985
-4.975000 0.022952
-4.925000 0.025065
-4.875000 0.027331
-4.825000 0.029757
-4.775000 0.032348
-4.725000 0.035113
-4.675000 0.038055
-4.625000 0.041182
-4.575000 0.044498
-4.525000 0.048008
-4.475000 0.051715
-4.425000 0.055624
-4.375000 0.059737
-4.325000 0.064056
-4.275000 0.068584
-4.225000 0.073322
-4.175000 0.078268
-4.125000 0.083421
-4.075000 0.088778
-4.025000 0.094335
-3.975000 0.100088
-3.925000 0.106030
-3.875000 0.112153
-3.825000 0.118452
-3.775000 0.124914
-3.725000 0.131531
-3.675000 0.138289
-3.625000 0.145174
-3.575000 0.152171
-3.525000 0.159263
-3.475000 0.166433
-3.425000 0.173661
-3.375000 0.180929
-3.325000 0.188216
-3.275000 0.195501
-3.225000 0.202763
-3.175000 0.209977
-3.125000 0.217119
-3.075000 0.224163
-3.025000 0.231086
-2.975000 0.237861
-2.925000 0.244464
-2.875000 0.250872
-2.825000 0.257061
-2.775000 0.263006
-2.725000 0.268683
-2.675000 0.274069
-2.625000 0.279140
-2.575000 0.283874
-2.525000 0.288253
-2.475000 0.292257
-2.425000 0.295871
-2.375000 0.299080
-2.325000 0.301869
-2.275000 0.304226
-2.225000 0.306139
-2.175000 0.307599
-2.125000 0.308600
-2.075000 0.309137
-2.025000 0.309208
-1.975000 0.308814
-1.925000 0.307959
-1.875000 0.306645
-1.825000 0.304878
-1.775000 0.302665
-1.725000 0.300016
-1.675000 0.296941
-1.625000 0.293456
-1.575000 0.289576
-1.525000 0.285320
-1.475000 0.280705
-1.425000 0.275752
-1.375000 0.270479
-1.325000 0.264908
-1.275000 0.259062
-1.225000 0.252963
-1.175000 0.246637
-1.125000 0.240109
-1.075000 0.233404
-1.025000 0.226547
-0.975000 0.219562
-0.925000 0.212473
-0.875000 0.205304
-0.825000 0.198079
-0.775000 0.190822
-0.725000 0.183556
-0.675000 0.176303
-0.625000 0.169084
-0.575000 0.161919
-0.525000 0.154825
-0.475000 0.147820
-0.425000 0.140921
-0.375000 0.134142
-0.325000 0.127499
-0.275000 0.121004
-0.225000 0.114669
-0.175000 0.108504
-0.125000 0.102516
-0.075000 0.096714
-0.025000 0.091103
0.025000 0.085689
0.075000 0.080477
0.125000 0.075469
0.175000 0.070668
0.225000 0.066073
0.275000 0.061685
0.325000 0.057502
0.375000 0.053522
0.425000 0.049744
0.475000 0.046164
0.525000 0.042777
0.575000 0.039581
0.625000 0.036569
0.675000 0.033736
0.725000 0.031076
0.775000 0.028583
0.825000 0.026250
0.875000 0.024073
0.925000 0.022043
0.975000 0.020155
1.025000 0.018401
1.075000 0.016775
1.125000 0.015269
1.175000 0.013878
1.225000 0.012595
1.275000 0.011413
1.325000 0.010327
1.375000 0.009331
1.425000 0.008418
1.475000 0.007583
1.525000 0.006820
1.575000 0.006125
1.625000 0.005493
1.675000 0.004919
1.725000 0.004398
1.775000 0.003927
1.825000 0.003500
1.875000 0.003116
1.925000 0.002769
1.975000 0.002458
2.025000 0.002178
2.075000 0.001927
2.125000 0.001703
2.175000 0.001503
2.225000 0.001324
2.275000 0.001165
2.325000 0.001023
2.375000 0.000897
2.425000 0.000786
2.475000 0.000688
2.525000 0.000600
2.575000 0.000524
2.625000 0.000456
2.675000 0.000396
2.725000 0.000344
2.775000 0.000298
2.825000 0.000258
2.875000 0.000223
2.925000 0.000193
2.975000 0.000166
3.025000 0.000143
3.075000 0.000123
3.125000 0.000105
3.175000 0.000090
3.225000 0.000077
3.275000 0.000066
3.325000 0.000056
3.375000 0.000048
3.425000 0.000041
3.475000 0.000034
3.525000 0.000029
3.575000 0.000025
3.625000 0.000021
3.675000 0.000018
3.725000 0.000015
3.775000 0.000012
3.825000 0.000010
3.875000 0.000009
3.925000 0.000007
3.975000 0.000006
4.025000 0.000005
4.075000 0.000004
4.125000 0.000004
4.175000 0.000003
4.225000 0.000002
4.275000 0.000002
4.325000 0.000002
4.375000 0.000001
4.425000 0.000001
4.475000 0.000001
4.525000 0.000001
4.575000 0.000001
4.625000 0.000001
4.675000 0.000000
4.725000 0.000000
4.775000 0.000000
4.825000 0.000000
4.875000 0.000000
4.925000 0.000000
4.975000 0.000000
5.025000 0.000000
5.075000 0.000000
5.125000 0.000000
5.175000 0.000000
5.225000 0.000000
5.275000 0.000000
5.325000 0.000000
5.375000 0.000000
5.425000 0.000000
5.475000 0.000000
5.525000 0.000000
5.575000 0.000000
5.625000 0.000000
5.675000 0.000000
5.725000 0.000000
5.775000 0.000000
5.825000 0.000000
5.875000 0.000000
5.925000 0.000000
5.975000 0.000000
6.025000 0.000000
6.075000 0.000000
6.125000 0.000000
6.175000 0.000000
6.225000 0.000000
6.275000 0.000000
6.325000 0.000000
6.375000 0.000000
6.425000 0.000000
6.475000 0.000000
6.525000 0.000000
6.575000 0.000000
6.625000 0.000000
6.675000 0.000000
6.725000 0.000000
6.775000 0.000000
6.825000 0.000000
6.875000 0.000000
6.925000 0.000000
6.975000 0.000000
7.025000 0.000000
7.075000 0.000000
7.125000 0.000000
7.175000 0.000000
7.225000 0.000000
7.275000 0.000000
7.325000 0.000000
7.375000 0.000000
7.425000 0.000000
7.475000 0.000000
7.525000 0.000000
7.575000 0.000000
7.625000 0.000000
7.675000 0.000000
7.725000 0.000000
7.775000 0.000000
7.825000 0.000000
7.875000 0.000000
7.925000 0.000000
7.975000 0.000000
8.025000 0.000000
8.075000 0.000000
8.125000 0.000000
8.175000 0.000000
8.225000 0.000000
8.275000 0.000000
8.325000 0.000000
8.375000 0.000000
8.425000 0.000000
8.475000 0.000000
8.525000 0.000000
8.575000 0.000000
8.625000 0.000000
8.675000 0.000000
8.725000 0.000000
8.775000 0.000000
8.825000 0.000000
8.875000 0.000000
8.925000 0.000000
8.975000 0.000000
9.025000 0.000000
9.075000 0.000000
9.125000 0.000000
9.175000 0.000000
9.225000 0.000000
9.275000 0.000000
9.325000 0.000000
9.375000 0.000000
9.425000 0.000000
9.475000 0.000000
9.525000 0.000000
9.575000 0.000000
9.625000 0.000000
9.675000 0.000000
9.725000 0.000000
9.775000 0.000000
9.825000 0.000000
9.875000 0.000000
9.925000 0.000000
9.975000 0.000000
10.000000 0.000000