-10.000000 0.000000
-9.975000 0.000000
-9.925000 0.000000
-9.875000 0.000000
-9.825000 0.000000
-9.775000 0.000000
-9.725000 0.000000
-9.675000 0.000000
-9.625000 0.000000
-9.575000 0.000000
-9.525000 0.000000
-9.475000 0.000000
-9.425000 0.000000
-9.375000 0.000000
-9.325000 0.000000
-9.275000 0.000000
-9.225000 0.000000
-9.175000 0.000000
-9.125000 0.000000
-9.075000 0.000000
-9.025000 0.000000
-8.975000 0.000000
-8.925000 0.000000
-8.875000 0.000000
-8.825000 0.000000
-8.775000 0.000000
-8.725000 0.000000
-8.675000 0.000000
-8.625000 0.000000
-8.575000 0.000000
-8.525000 0.000000
-8.475000 0.000000
-8.425000 0.000000
-8.375000 0.000000
-8.325000 0.000000
-8.275000 0.000000
-8.225000 0.000000
-8.175000 0.000000
-8.125000 0.000000
-8.075000 0.000000
-8.025000 0.000000
-7.975000 0.000000
-7.925000 0.000000
-7.875000 0.000000
-7.825000 0.000000
-7.775000 0.000000
-7.725000 0.000000
-7.675000 0.000000
-7.625000 0.000000
-7.575000 0.000000
-7.525000 0.000000
-7.475000 0.000000
-7.425000 0.000000
-7.375000 0.000000
-7.325000 0.000000
-7.275000 0.000000
-7.225000 0.000000
-7.175000 0.000000
-7.125000 0.000001
-7.075000 0.000002
-7.025000 0.000003
-6.975000 0.000005
-6.925000 0.000010
-6.875000 0.000017
-6.825000 0.000030
-6.775000 0.000052
-6.725000 0.000089
-6.675000 0.000149
-6.625000 0.000245
-6.575000 0.000398
-6.525000 0.000636
-6.475000 0.001003
-6.425000 0.001557
-6.375000 0.002383
-6.325000 0.003594
-6.275000 0.005340
-6.225000 0.007818
-6.175000 0.011280
-6.125000 0.016037
-6.075000 0.022471
-6.025000 0.031031
-5.975000 0.042234
-5.925000 0.056653
-5.875000 0.074902
-5.825000 0.097606
-5.775000 0.125365
-5.725000 0.158707
-5.675000 0.198033
-5.625000 0.243556
-5.575000 0.295247
-5.525000 0.352773
-5.475000 0.415461
-5.425000 0.482268
-5.375000 0.551785
-5.325000 0.622261
-5.275000 0.691661
-5.225000 0.757751
-5.175000 0.818213
-5.125000 0.870771
-5.075000 0.913332
-5.025000 0.944126
-4.975000 0.961820
-4.925000 0.965621
-4.875000 0.955329
-4.825000 0.931359
-4.775000 0.894710
-4.725000 0.846898
-4.675000 0.789850
-4.625000 0.725777
-4.575000 0.657032
-4.525000 0.585963
-4.475000 0.514789
-4.425000 0.445490
-4.375000 0.379721
-4.325000 0.318770
-4.275000 0.263540
-4.225000 0.214553
-4.175000 0.171993
-4.125000 0.135749
-4.075000 0.105483
-4.025000 0.080687
-3.975000 0.060753
-3.925000 0.045022
-3.875000 0.032834
-3.825000 0.023562
-3.775000 0.016634
-3.725000 0.011552
-3.675000 0.007889
-3.625000 0.005298
-3.575000 0.003499
-3.525000 0.002271
-3.475000 0.001449
-3.425000 0.000909
-3.375000 0.000560
-3.325000 0.000339
-3.275000 0.000202
-3.225000 0.000118
-3.175000 0.000068
-3.125000 0.000038
-3.075000 0.000021
-3.025000 0.000011
-2.975000 0.000006
-2.925000 0.000003
-2.875000 0.000002
-2.825000 0.000001
-2.775000 0.000000
-2.725000 0.000000
-2.675000 0.000000
-2.625000 0.000000
-2.575000 0.000000
-2.525000 0.000000
-2.475000 0.000000
-2.425000 0.000000
-2.375000 0.000000
-2.325000 0.000000
-2.275000 0.000000
-2.225000 0.000000
-2.175000 0.000000
-2.125000 0.000000
-2.075000 0.000000
-2.025000 0.000000
-1.975000 0.000000
-1.925000 0.000000
-1.875000 0.000000
-1.825000 0.000000
-1.775000 0.000000
-1.725000 0.000000
-1.675000 0.000000
-1.625000 0.000000
-1.575000 0.000000
-1.525000 0.000000
-1.475000 0.000000
-1.425000 0.000000
-1.375000 0.000000
-1.325000 0.000000
-1.275000 0.000000
-1.225000 0.000000
-1.175000 0.000000
-1.125000 0.000000
-1.075000 0.000000
-1.025000 0.000000
-0.975000 0.000000
-0.925000 0.000000
-0.875000 0.000000
-0.825000 0.000000
-0.775000 0.000000
-0.725000 0.000000
-0.675000 0.000000
-0.625000 0.000000
-0.575000 0.000000
-0.525000 0.000000
-0.475000 0.000000
-0.425000 0.000000
-0.375000 0.000000
-0.325000 0.000000
-0.275000 0.000000
-0.225000 0.000000
-0.175000 0.000000
-0.125000 0.000000
-0.075000 0.000000
-0.025000 0.000000
0.025000 0.000000
0.075000 0.000000
0.125000 0.000000
0.175000 0.000000
0.225000 0.000000
0.275000 0.000000
0.325000 0.000000
0.375000 0.000000
0.425000 0.000000
0.475000 0.000000
0.525000 0.000000
0.575000 0.000000
0.625000 0.000000
0.675000 0.000000
0.725000 0.000000
0.775000 0.000000
0.825000 0.000000
0.875000 0.000000
0.925000 0.000000
0.975000 0.000000
1.025000 0.000000
1.075000 0.000000
1.125000 0.000000
1.175000 0.000000
1.225000 0.000000
1.275000 0.000000
1.325000 0.000000
1.375000 0.000000
1.425000 0.000000
1.475000 0.000000
1.525000 0.000000
1.575000 0.000000
1.625000 0.000000
1.675000 0.000000
1.725000 0.000000
1.775000 0.000000
1.825000 0.000000
1.875000 0.000000
1.925000 0.000000
1.975000 0.000000
2.025000 0.000000
2.075000 0.000000
2.125000 0.000000
2.175000 0.000000
2.225000 0.000000
2.275000 0.000000
2.325000 0.000000
2.375000 0.000000
2.425000 0.000000
2.475000 0.000000
2.525000 0.000000
2.575000 0.000000
2.625000 0.000000
2.675000 0.000000
2.725000 0.000000
2.775000 0.000000
2.825000 0.000000
2.875000 0.000000
2.925000 0.000000
2.975000 0.000000
3.025000 0.000000
3.075000 0.000000
3.125000 0.000000
3.175000 0.000000
3.225000 0.000000
3.275000 0.000000
3.325000 0.000000
3.375000 0.000000
3.425000 0.000000
3.475000 0.000000
3.525000 0.000000
3.575000 0.000000
3.625000 0.000000
3.675000 0.000000
3.725000 0.000000
3.775000 0.000000
3.825000 0.000000
3.875000 0.000000
3.925000 0.000000
3.975000 0.000000
4.025000 0.000000
4.075000 0.000000
4.125000 0.000000
4.175000 0.000000
4.225000 0.000000
4.275000 0.000000
4.325000 0.000000
4.375000 0.000000
4.425000 0.000000
4.475000 0.000000
4.525000 0.000000
4.575000 0.000000
4.625000 0.000000
4.675000 0.000000
4.725000 0.000000
4.775000 0.000000
4.825000 0.000000
4.875000 0.000000
4.925000 0.000000
4.975000 0.000000
5.025000 0.000000
5.075000 0.000000
5.125000 0.000000
5.175000 0.000000
5.225000 0.000000
5.275000 0.000000
5.325000 0.000000
5.375000 0.000000
5.425000 0.000000
5.475000 0.000000
5.525000 0.000000
5.575000 0.000000
5.625000 0.000000
5.675000 0.000000
5.725000 0.000000
5.775000 0.000000
5.825000 0.000000
5.875000 0.000000
5.925000 0.000000
5.975000 0.000000
6.025000 0.000000
6.075000 0.000000
6.125000 0.000000
6.175000 0.000000
6.225000 0.000000
6.275000 0.000000
6.325000 0.000000
6.375000 0.000000
6.425000 0.000000
6.475000 0.000000
6.525000 0.000000
6.575000 0.000000
6.625000 0.000000
6.675000 0.000000
6.725000 0.000000
6.775000 0.000000
6.825000 0.000000
6.875000 0.000000
6.925000 0.000000
6.975000 0.000000
7.025000 0.000000
7.075000 0.000000
7.125000 0.000000
7.175000 0.000000
7.225000 0.000000
7.275000 0.000000
7.325000 0.000000
7.375000 0.000000
7.425000 0.000000
7.475000 0.000000
7.525000 0.000000
7.575000 0.000000
7.625000 0.000000
7.675000 0.000000
7.725000 0.000000
7.775000 0.000000
7.825000 0.000000
7.875000 0.000000
7.925000 0.000000
7.975000 0.000000
8.025000 0.000000
8.075000 0.000000
8.125000 0.000000
8.175000 0.000000
8.225000 0.000000
8.275000 0.000000
8.325000 0.000000
8.375000 0.000000
8.425000 0.000000
8.475000 0.000000
8.525000 0.000000
8.575000 0.000000
8.625000 0.000000
8.675000 0.000000
8.725000 0.000000
8.775000 0.000000
8.825000 0.000000
8.875000 0.000000
8.925000 0.000000
8.975000 0.000000
9.025000 0.000000
9.075000 0.000000
9.125000 0.000000
9.175000 0.000000
9.225000 0.000000
9.275000 0.000000
9.325000 0.000000
9.375000 0.000000
9.425000 0.000000
9.475000 0.000000
9.525000 0.000000
9.575000 0.000000
9.625000 0.000000
9.675000 0.000000
9.725000 0.000000
9.775000 0.000000
9.825000 0.000000
9.875000 0.000000
9.925000 0.000000
9.975000 0.000000
10.000000 0.000000