-10.000000 0.000000
-9.975000 0.000000
-9.925000 0.000000
-9.875000 0.000000
-9.825000 0.000000
-9.775000 0.000000
-9.725000 0.000000
-9.675000 0.000000
-9.625000 0.000000
-9.575000 0.000000
-9.525000 0.000000
-9.475000 0.000000
-9.425000 0.000000
-9.375000 0.000000
-9.325000 0.000000
-9.275000 0.000000
-9.225000 0.000000
-9.175000 0.000000
-9.125000 0.000000
-9.075000 0.000000
-9.025000 0.000000
-8.975000 0.000000
-8.925000 0.000000
-8.875000 0.000001
-8.825000 0.000001
-8.775000 0.000001
-8.725000 0.000001
-8.675000 0.000002
-8.625000 0.000002
-8.575000 0.000002
-8.525000 0.000003
-8.475000 0.000004
-8.425000 0.000005
-8.375000 0.000006
-8.325000 0.000008
-8.275000 0.000010
-8.225000 0.000012
-8.175000 0.000015
-8.125000 0.000018
-8.075000 0.000023
-8.025000 0.000028
-7.975000 0.000034
-7.925000 0.000042
-7.875000 0.000051
-7.825000 0.000062
-7.775000 0.000075
-7.725000 0.000091
-7.675000 0.000110
-7.625000 0.000133
-7.575000 0.000160
-7.525000 0.000192
-7.475000 0.000230
-7.425000 0.000275
-7.375000 0.000328
-7.325000 0.000391
-7.275000 0.000464
-7.225000 0.000550
-7.175000 0.000650
-7.125000 0.000766
-7.075000 0.000902
-7.025000 0.001058
-6.975000 0.001239
-6.925000 0.001448
-6.875000 0.001688
-6.825000 0.001964
-6.775000 0.002279
-6.725000 0.002640
-6.675000 0.003050
-6.625000 0.003517
-6.575000 0.004046
-6.525000 0.004645
-6.475000 0.005321
-6.425000 0.006081
-6.375000 0.006935
-6.325000 0.007891
-6.275000 0.008959
-6.225000 0.010150
-6.175000 0.011473
-6.125000 0.012941
-6.075000 0.014565
-6.025000 0.016358
-5.975000 0.018331
-5.925000 0.020499
-5.875000 0.022875
-5.825000 0.025471
-5.775000 0.028301
-5.725000 0.031378
-5.675000 0.034716
-5.625000 0.038326
-5.575000 0.042221
-5.525000 0.046412
-5.475000 0.050910
-5.425000 0.055726
-5.375000 0.060868
-5.325000 0.066344
-5.275000 0.072160
-5.225000 0.078320
-5.175000 0.084827
-5.125000 0.091680
-5.075000 0.098878
-5.025000 0.106415
-4.975000 0.114285
-4.925000 0.122479
-4.875000 0.130984
-4.825000 0.139785
-4.775000 0.148864
-4.725000 0.158200
-4.675000 0.167768
-4.625000 0.177542
-4.575000 0.187491
-4.525000 0.197580
-4.475000 0.207775
-4.425000 0.218035
-4.375000 0.228321
-4.325000 0.238590
-4.275000 0.248797
-4.225000 0.258896
-4.175000 0.268840
-4.125000 0.278581
-4.075000 0.288067
-4.025000 0.297250
-3.975000 0.306079
-3.925000 0.314506
-3.875000 0.322483
-3.825000 0.329965
-3.775000 0.336907
-3.725000 0.343269
-3.675000 0.349014
-3.625000 0.354104
-3.575000 0.358508
-3.525000 0.362198
-3.475000 0.365148
-3.425000 0.367339
-3.375000 0.368755
-3.325000 0.369389
-3.275000 0.369235
-3.225000 0.368294
-3.175000 0.366571
-3.125000 0.364076
-3.075000 0.360823
-3.025000 0.356830
-2.975000 0.352122
-2.925000 0.346727
-2.875000 0.340676
-2.825000 0.334007
-2.775000 0.326760
-2.725000 0.318977
-2.675000 0.310702
-2.625000 0.301984
-2.575000 0.292869
-2.525000 0.283407
-2.475000 0.273648
-2.425000 0.263644
-2.375000 0.253446
-2.325000 0.243105
-2.275000 0.232671
-2.225000 0.222191
-2.175000 0.211711
-2.125000 0.201276
-2.075000 0.190927
-2.025000 0.180704
-1.975000 0.170642
-1.925000 0.160778
-1.875000 0.151141
-1.825000 0.141760
-1.775000 0.132659
-1.725000 0.123860
-1.675000 0.115380
-1.625000 0.107233
-1.575000 0.099432
-1.525000 0.091985
-1.475000 0.084898
-1.425000 0.078176
-1.375000 0.071818
-1.325000 0.065823
-1.275000 0.060187
-1.225000 0.054904
-1.175000 0.049965
-1.125000 0.045363
-1.075000 0.041086
-1.025000 0.037123
-0.975000 0.033463
-0.925000 0.030091
-0.875000 0.026993
-0.825000 0.024155
-0.775000 0.021563
-0.725000 0.019201
-0.675000 0.017056
-0.625000 0.015113
-0.575000 0.013359
-0.525000 0.011778
-0.475000 0.010359
-0.425000 0.009088
-0.375000 0.007952
-0.325000 0.006941
-0.275000 0.006043
-0.225000 0.005247
-0.175000 0.004545
-0.125000 0.003926
-0.075000 0.003383
-0.025000 0.002907
0.025000 0.002492
0.075000 0.002130
0.125000 0.001816
0.175000 0.001544
0.225000 0.001310
0.275000 0.001108
0.325000 0.000935
0.375000 0.000786
0.425000 0.000660
0.475000 0.000552
0.525000 0.000460
0.575000 0.000383
0.625000 0.000318
0.675000 0.000263
0.725000 0.000217
0.775000 0.000179
0.825000 0.000146
0.875000 0.000120
0.925000 0.000098
0.975000 0.000080
1.025000 0.000064
1.075000 0.000052
1.125000 0.000042
1.175000 0.000034
1.225000 0.000027
1.275000 0.000022
1.325000 0.000017
1.375000 0.000014
1.425000 0.000011
1.475000 0.000009
1.525000 0.000007
1.575000 0.000005
1.625000 0.000004
1.675000 0.000003
1.725000 0.000003
1.775000 0.000002
1.825000 0.000001
1.875000 0.000001
1.925000 0.000001
1.975000 0.000001
2.025000 0.000001
2.075000 0.000000
2.125000 0.000000
2.175000 0.000000
2.225000 0.000000
2.275000 0.000000
2.325000 0.000000
2.375000 0.000000
2.425000 0.000000
2.475000 0.000000
2.525000 0.000000
2.575000 0.000000
2.625000 0.000000
2.675000 0.000000
2.725000 0.000000
2.775000 0.000000
2.825000 0.000000
2.875000 0.000000
2.925000 0.000000
2.975000 0.000000
3.025000 0.000000
3.075000 0.000000
3.125000 0.000000
3.175000 0.000000
3.225000 0.000000
3.275000 0.000000
3.325000 0.000000
3.375000 0.000000
3.425000 0.000000
3.475000 0.000000
3.525000 0.000000
3.575000 0.000000
3.625000 0.000000
3.675000 0.000000
3.725000 0.000000
3.775000 0.000000
3.825000 0.000000
3.875000 0.000000
3.925000 0.000000
3.975000 0.000000
4.025000 0.000000
4.075000 0.000000
4.125000 0.000000
4.175000 0.000000
4.225000 0.000000
4.275000 0.000000
4.325000 0.000000
4.375000 0.000000
4.425000 0.000000
4.475000 0.000000
4.525000 0.000000
4.575000 0.000000
4.625000 0.000000
4.675000 0.000000
4.725000 0.000000
4.775000 0.000000
4.825000 0.000000
4.875000 0.000000
4.925000 0.000000
4.975000 0.000000
5.025000 0.000000
5.075000 0.000000
5.125000 0.000000
5.175000 0.000000
5.225000 0.000000
5.275000 0.000000
5.325000 0.000000
5.375000 0.000000
5.425000 0.000000
5.475000 0.000000
5.525000 0.000000
5.575000 0.000000
5.625000 0.000000
5.675000 0.000000
5.725000 0.000000
5.775000 0.000000
5.825000 0.000000
5.875000 0.000000
5.925000 0.000000
5.975000 0.000000
6.025000 0.000000
6.075000 0.000000
6.125000 0.000000
6.175000 0.000000
6.225000 0.000000
6.275000 0.000000
6.325000 0.000000
6.375000 0.000000
6.425000 0.000000
6.475000 0.000000
6.525000 0.000000
6.575000 0.000000
6.625000 0.000000
6.675000 0.000000
6.725000 0.000000
6.775000 0.000000
6.825000 0.000000
6.875000 0.000000
6.925000 0.000000
6.975000 0.000000
7.025000 0.000000
7.075000 0.000000
7.125000 0.000000
7.175000 0.000000
7.225000 0.000000
7.275000 0.000000
7.325000 0.000000
7.375000 0.000000
7.425000 0.000000
7.475000 0.000000
7.525000 0.000000
7.575000 0.000000
7.625000 0.000000
7.675000 0.000000
7.725000 0.000000
7.775000 0.000000
7.825000 0.000000
7.875000 0.000000
7.925000 0.000000
7.975000 0.000000
8.025000 0.000000
8.075000 0.000000
8.125000 0.000000
8.175000 0.000000
8.225000 0.000000
8.275000 0.000000
8.325000 0.000000
8.375000 0.000000
8.425000 0.000000
8.475000 0.000000
8.525000 0.000000
8.575000 0.000000
8.625000 0.000000
8.675000 0.000000
8.725000 0.000000
8.775000 0.000000
8.825000 0.000000
8.875000 0.000000
8.925000 0.000000
8.975000 0.000000
9.025000 0.000000
9.075000 0.000000
9.125000 0.000000
9.175000 0.000000
9.225000 0.000000
9.275000 0.000000
9.325000 0.000000
9.375000 0.000000
9.425000 0.000000
9.475000 0.000000
9.525000 0.000000
9.575000 0.000000
9.625000 0.000000
9.675000 0.000000
9.725000 0.000000
9.775000 0.000000
9.825000 0.000000
9.875000 0.000000
9.925000 0.000000
9.975000 0.000000
10.000000 0.000000