-10.000000 0.000000
-9.975000 0.000000
-9.925000 0.000000
-9.875000 0.000000
-9.825000 0.000000
-9.775000 0.000000
-9.725000 0.000000
-9.675000 0.000000
-9.625000 0.000000
-9.575000 0.000000
-9.525000 0.000000
-9.475000 0.000000
-9.425000 0.000000
-9.375000 0.000000
-9.325000 0.000000
-9.275000 0.000000
-9.225000 0.000000
-9.175000 0.000000
-9.125000 0.000000
-9.075000 0.000000
-9.025000 0.000000
-8.975000 0.000000
-8.925000 0.000000
-8.875000 0.000000
-8.825000 0.000000
-8.775000 0.000000
-8.725000 0.000000
-8.675000 0.000000
-8.625000 0.000000
-8.575000 0.000000
-8.525000 0.000000
-8.475000 0.000000
-8.425000 0.000000
-8.375000 0.000000
-8.325000 0.000000
-8.275000 0.000000
-8.225000 0.000000
-8.175000 0.000000
-8.125000 0.000000
-8.075000 0.000000
-8.025000 0.000000
-7.975000 0.000000
-7.925000 0.000000
-7.875000 0.000000
-7.825000 0.000000
-7.775000 0.000000
-7.725000 0.000000
-7.675000 0.000000
-7.625000 0.000000
-7.575000 0.000000
-7.525000 0.000000
-7.475000 0.000000
-7.425000 0.000000
-7.375000 0.000000
-7.325000 0.000000
-7.275000 0.000000
-7.225000 0.000000
-7.175000 0.000000
-7.125000 0.000000
-7.075000 0.000000
-7.025000 0.000000
-6.975000 0.000000
-6.925000 0.000000
-6.875000 0.000000
-6.825000 0.000000
-6.775000 0.000000
-6.725000 0.000000
-6.675000 0.000000
-6.625000 0.000000
-6.575000 0.000000
-6.525000 0.000000
-6.475000 0.000000
-6.425000 0.000000
-6.375000 0.000000
-6.325000 0.000000
-6.275000 0.000000
-6.225000 0.000000
-6.175000 0.000000
-6.125000 0.000000
-6.075000 0.000000
-6.025000 0.000000
-5.975000 0.000000
-5.925000 0.000000
-5.875000 0.000000
-5.825000 0.000000
-5.775000 0.000001
-5.725000 0.000001
-5.675000 0.000001
-5.625000 0.000001
-5.575000 0.000001
-5.525000 0.000001
-5.475000 0.000002
-5.425000 0.000002
-5.375000 0.000002
-5.325000 0.000003
-5.275000 0.000003
-5.225000 0.000004
-5.175000 0.000005
-5.125000 0.000006
-5.075000 0.000007
-5.025000 0.000008
-4.975000 0.000009
-4.925000 0.000011
-4.875000 0.000013
-4.825000 0.000015
-4.775000 0.000017
-4.725000 0.000020
-4.675000 0.000024
-4.625000 0.000028
-4.575000 0.000032
-4.525000 0.000037
-4.475000 0.000043
-4.425000 0.000050
-4.375000 0.000058
-4.325000 0.000067
-4.275000 0.000078
-4.225000 0.000090
-4.175000 0.000103
-4.125000 0.000119
-4.075000 0.000137
-4.025000 0.000157
-3.975000 0.000180
-3.925000 0.000207
-3.875000 0.000236
-3.825000 0.000270
-3.775000 0.000308
-3.725000 0.000351
-3.675000 0.000400
-3.625000 0.000455
-3.575000 0.000517
-3.525000 0.000586
-3.475000 0.000664
-3.425000 0.000751
-3.375000 0.000849
-3.325000 0.000959
-3.275000 0.001081
-3.225000 0.001218
-3.175000 0.001370
-3.125000 0.001540
-3.075000 0.001728
-3.025000 0.001936
-2.975000 0.002168
-2.925000 0.002424
-2.875000 0.002707
-2.825000 0.003019
-2.775000 0.003364
-2.725000 0.003742
-2.675000 0.004158
-2.625000 0.004614
-2.575000 0.005114
-2.525000 0.005662
-2.475000 0.006260
-2.425000 0.006912
-2.375000 0.007623
-2.325000 0.008396
-2.275000 0.009235
-2.225000 0.010146
-2.175000 0.011132
-2.125000 0.012199
-2.075000 0.013352
-2.025000 0.014595
-1.975000 0.015933
-1.925000 0.017371
-1.875000 0.018916
-1.825000 0.020571
-1.775000 0.022343
-1.725000 0.024238
-1.675000 0.026261
-1.625000 0.028416
-1.575000 0.030708
-1.525000 0.033142
-1.475000 0.035723
-1.425000 0.038456
-1.375000 0.041346
-1.325000 0.044396
-1.275000 0.047611
-1.225000 0.050992
-1.175000 0.054541
-1.125000 0.058262
-1.075000 0.062155
-1.025000 0.066222
-0.975000 0.070465
-0.925000 0.074884
-0.875000 0.079476
-0.825000 0.084239
-0.775000 0.089170
-0.725000 0.094265
-0.675000 0.099521
-0.625000 0.104933
-0.575000 0.110496
-0.525000 0.116202
-0.475000 0.122044
-0.425000 0.128011
-0.375000 0.134092
-0.325000 0.140277
-0.275000 0.146553
-0.225000 0.152909
-0.175000 0.159331
-0.125000 0.165806
-0.075000 0.172316
-0.025000 0.178845
0.025000 0.185373
0.075000 0.191882
0.125000 0.198356
0.175000 0.204775
0.225000 0.211122
0.275000 0.217378
0.325000 0.223520
0.375000 0.229528
0.425000 0.235381
0.475000 0.241058
0.525000 0.246540
0.575000 0.251808
0.625000 0.256844
0.675000 0.261632
0.725000 0.266151
0.775000 0.270384
0.825000 0.274314
0.875000 0.277923
0.925000 0.281198
0.975000 0.284127
1.025000 0.286700
1.075000 0.288907
1.125000 0.290737
1.175000 0.292183
1.225000 0.293236
1.275000 0.293890
1.325000 0.294144
1.375000 0.293995
1.425000 0.293446
1.475000 0.292499
1.525000 0.291158
1.575000 0.289429
1.625000 0.287315
1.675000 0.284824
1.725000 0.281966
1.775000 0.278751
1.825000 0.275194
1.875000 0.271310
1.925000 0.267114
1.975000 0.262622
2.025000 0.257851
2.075000 0.252817
2.125000 0.247538
2.175000 0.242032
2.225000 0.236320
2.275000 0.230424
2.325000 0.224364
2.375000 0.218163
2.425000 0.211839
2.475000 0.205414
2.525000 0.198906
2.575000 0.192334
2.625000 0.185718
2.675000 0.179078
2.725000 0.172434
2.775000 0.165806
2.825000 0.159211
2.875000 0.152666
2.925000 0.146185
2.975000 0.139782
3.025000 0.133471
3.075000 0.127265
3.125000 0.121176
3.175000 0.115216
3.225000 0.109397
3.275000 0.103726
3.325000 0.098212
3.375000 0.092860
3.425000 0.087676
3.475000 0.082663
3.525000 0.077826
3.575000 0.073166
3.625000 0.068689
3.675000 0.064394
3.725000 0.060283
3.775000 0.056356
3.825000 0.052610
3.875000 0.049042
3.925000 0.045651
3.975000 0.042433
4.025000 0.039385
4.075000 0.036503
4.125000 0.033784
4.175000 0.031224
4.225000 0.028817
4.275000 0.026559
4.325000 0.024442
4.375000 0.022462
4.425000 0.020611
4.475000 0.018886
4.525000 0.017280
4.575000 0.015788
4.625000 0.014404
4.675000 0.013123
4.725000 0.011939
4.775000 0.010847
4.825000 0.009840
4.875000 0.008913
4.925000 0.008062
4.975000 0.007281
5.025000 0.006566
5.075000 0.005913
5.125000 0.005317
5.175000 0.004775
5.225000 0.004282
5.275000 0.003834
5.325000 0.003428
5.375000 0.003060
5.425000 0.002728
5.475000 0.002428
5.525000 0.002158
5.575000 0.001915
5.625000 0.001698
5.675000 0.001502
5.725000 0.001328
5.775000 0.001172
5.825000 0.001033
5.875000 0.000909
5.925000 0.000798
5.975000 0.000700
6.025000 0.000613
6.075000 0.000536
6.125000 0.000468
6.175000 0.000408
6.225000 0.000356
6.275000 0.000309
6.325000 0.000269
6.375000 0.000233
6.425000 0.000202
6.475000 0.000174
6.525000 0.000150
6.575000 0.000130
6.625000 0.000112
6.675000 0.000096
6.725000 0.000082
6.775000 0.000070
6.825000 0.000060
6.875000 0.000051
6.925000 0.000044
6.975000 0.000037
7.025000 0.000032
7.075000 0.000027
7.125000 0.000023
7.175000 0.000019
7.225000 0.000016
7.275000 0.000014
7.325000 0.000012
7.375000 0.000010
7.425000 0.000008
7.475000 0.000007
7.525000 0.000006
7.575000 0.000005
7.625000 0.000004
7.675000 0.000003
7.725000 0.000003
7.775000 0.000002
7.825000 0.000002
7.875000 0.000002
7.925000 0.000001
7.975000 0.000001
8.025000 0.000001
8.075000 0.000001
8.125000 0.000001
8.175000 0.000000
8.225000 0.000000
8.275000 0.000000
8.325000 0.000000
8.375000 0.000000
8.425000 0.000000
8.475000 0.000000
8.525000 0.000000
8.575000 0.000000
8.625000 0.000000
8.675000 0.000000
8.725000 0.000000
8.775000 0.000000
8.825000 0.000000
8.875000 0.000000
8.925000 0.000000
8.975000 0.000000
9.025000 0.000000
9.075000 0.000000
9.125000 0.000000
9.175000 0.000000
9.225000 0.000000
9.275000 0.000000
9.325000 0.000000
9.375000 0.000000
9.425000 0.000000
9.475000 0.000000
9.525000 0.000000
9.575000 0.000000
9.625000 0.000000
9.675000 0.000000
9.725000 0.000000
9.775000 0.000000
9.825000 0.000000
9.875000 0.000000
9.925000 0.000000
9.975000 0.000000
10.000000 0.000000