-10.000000 0.000000
-9.975000 0.000000
-9.925000 0.000000
-9.875000 0.000000
-9.825000 0.000000
-9.775000 0.000000
-9.725000 0.000000
-9.675000 0.000000
-9.625000 0.000000
-9.575000 0.000000
-9.525000 0.000000
-9.475000 0.000000
-9.425000 0.000000
-9.375000 0.000000
-9.325000 0.000000
-9.275000 0.000000
-9.225000 0.000000
-9.175000 0.000000
-9.125000 0.000000
-9.075000 0.000000
-9.025000 0.000000
-8.975000 0.000000
-8.925000 0.000000
-8.875000 0.000000
-8.825000 0.000000
-8.775000 0.000000
-8.725000 0.000000
-8.675000 0.000000
-8.625000 0.000000
-8.575000 0.000000
-8.525000 0.000000
-8.475000 0.000000
-8.425000 0.000000
-8.375000 0.000000
-8.325000 0.000000
-8.275000 0.000000
-8.225000 0.000000
-8.175000 0.000000
-8.125000 0.000000
-8.075000 0.000000
-8.025000 0.000000
-7.975000 0.000000
-7.925000 0.000000
-7.875000 0.000000
-7.825000 0.000000
-7.775000 0.000000
-7.725000 0.000000
-7.675000 0.000000
-7.625000 0.000000
-7.575000 0.000000
-7.525000 0.000000
-7.475000 0.000000
-7.425000 0.000000
-7.375000 0.000000
-7.325000 0.000000
-7.275000 0.000000
-7.225000 0.000000
-7.175000 0.000000
-7.125000 0.000000
-7.075000 0.000000
-7.025000 0.000000
-6.975000 0.000000
-6.925000 0.000000
-6.875000 0.000000
-6.825000 0.000000
-6.775000 0.000000
-6.725000 0.000000
-6.675000 0.000000
-6.625000 0.000000
-6.575000 0.000000
-6.525000 0.000000
-6.475000 0.000000
-6.425000 0.000000
-6.375000 0.000000
-6.325000 0.000000
-6.275000 0.000000
-6.225000 0.000000
-6.175000 0.000000
-6.125000 0.000000
-6.075000 0.000000
-6.025000 0.000000
-5.975000 0.000000
-5.925000 0.000000
-5.875000 0.000000
-5.825000 0.000000
-5.775000 0.000000
-5.725000 0.000000
-5.675000 0.000000
-5.625000 0.000000
-5.575000 0.000000
-5.525000 0.000000
-5.475000 0.000000
-5.425000 0.000000
-5.375000 0.000000
-5.325000 0.000000
-5.275000 0.000000
-5.225000 0.000000
-5.175000 0.000000
-5.125000 0.000000
-5.075000 0.000000
-5.025000 0.000000
-4.975000 0.000000
-4.925000 0.000000
-4.875000 0.000000
-4.825000 0.000000
-4.775000 0.000000
-4.725000 0.000000
-4.675000 0.000000
-4.625000 0.000000
-4.575000 0.000000
-4.525000 0.000000
-4.475000 0.000000
-4.425000 0.000000
-4.375000 0.000000
-4.325000 0.000000
-4.275000 0.000000
-4.225000 0.000000
-4.175000 0.000000
-4.125000 0.000000
-4.075000 0.000000
-4.025000 0.000000
-3.975000 0.000000
-3.925000 0.000000
-3.875000 0.000000
-3.825000 0.000000
-3.775000 0.000000
-3.725000 0.000000
-3.675000 0.000000
-3.625000 0.000000
-3.575000 0.000000
-3.525000 0.000000
-3.475000 0.000000
-3.425000 0.000000
-3.375000 0.000000
-3.325000 0.000000
-3.275000 0.000000
-3.225000 0.000000
-3.175000 0.000000
-3.125000 0.000000
-3.075000 0.000000
-3.025000 0.000000
-2.975000 0.000000
-2.925000 0.000000
-2.875000 0.000000
-2.825000 0.000000
-2.775000 0.000000
-2.725000 0.000000
-2.675000 0.000000
-2.625000 0.000000
-2.575000 0.000000
-2.525000 0.000000
-2.475000 0.000000
-2.425000 0.000000
-2.375000 0.000000
-2.325000 0.000000
-2.275000 0.000000
-2.225000 0.000000
-2.175000 0.000000
-2.125000 0.000000
-2.075000 0.000000
-2.025000 0.000000
-1.975000 0.000000
-1.925000 0.000000
-1.875000 0.000000
-1.825000 0.000000
-1.775000 0.000000
-1.725000 0.000000
-1.675000 0.000000
-1.625000 0.000000
-1.575000 0.000000
-1.525000 0.000000
-1.475000 0.000000
-1.425000 0.000000
-1.375000 0.000000
-1.325000 0.000000
-1.275000 0.000000
-1.225000 0.000000
-1.175000 0.000000
-1.125000 0.000000
-1.075000 0.000000
-1.025000 0.000000
-0.975000 0.000000
-0.925000 0.000000
-0.875000 0.000000
-0.825000 0.000000
-0.775000 0.000000
-0.725000 0.000000
-0.675000 0.000000
-0.625000 0.000000
-0.575000 0.000000
-0.525000 0.000000
-0.475000 0.000000
-0.425000 0.000000
-0.375000 0.000000
-0.325000 0.000000
-0.275000 0.000000
-0.225000 0.000000
-0.175000 0.000000
-0.125000 0.000000
-0.075000 0.000000
-0.025000 0.000000
0.025000 0.000000
0.075000 0.000000
0.125000 0.000000
0.175000 0.000000
0.225000 0.000000
0.275000 0.000000
0.325000 0.000000
0.375000 0.000000
0.425000 0.000000
0.475000 0.000000
0.525000 0.000000
0.575000 0.000000
0.625000 0.000000
0.675000 0.000000
0.725000 0.000000
0.775000 0.000000
0.825000 0.000000
0.875000 0.000000
0.925000 0.000000
0.975000 0.000000
1.025000 0.000000
1.075000 0.000000
1.125000 0.000000
1.175000 0.000000
1.225000 0.000000
1.275000 0.000000
1.325000 0.000000
1.375000 0.000000
1.425000 0.000000
1.475000 0.000000
1.525000 0.000000
1.575000 0.000000
1.625000 0.000000
1.675000 0.000000
1.725000 0.000000
1.775000 0.000000
1.825000 0.000001
1.875000 0.000001
1.925000 0.000001
1.975000 0.000002
2.025000 0.000004
2.075000 0.000005
2.125000 0.000008
2.175000 0.000012
2.225000 0.000018
2.275000 0.000026
2.325000 0.000039
2.375000 0.000057
2.425000 0.000083
2.475000 0.000120
2.525000 0.000173
2.575000 0.000247
2.625000 0.000351
2.675000 0.000495
2.725000 0.000693
2.775000 0.000965
2.825000 0.001334
2.875000 0.001830
2.925000 0.002491
2.975000 0.003366
3.025000 0.004515
3.075000 0.006010
3.125000 0.007938
3.175000 0.010404
3.225000 0.013528
3.275000 0.017448
3.325000 0.022322
3.375000 0.028324
3.425000 0.035647
3.475000 0.044496
3.525000 0.055085
3.575000 0.067632
3.625000 0.082345
3.675000 0.099422
3.725000 0.119030
3.775000 0.141303
3.825000 0.166326
3.875000 0.194124
3.925000 0.224652
3.975000 0.257781
4.025000 0.293291
4.075000 0.330865
4.125000 0.370085
4.175000 0.410437
4.225000 0.451317
4.275000 0.492046
4.325000 0.531885
4.375000 0.570061
4.425000 0.605786
4.475000 0.638288
4.525000 0.666835
4.575000 0.690761
4.625000 0.709496
4.675000 0.722583
4.725000 0.729700
4.775000 0.730676
4.825000 0.725493
4.875000 0.714291
4.925000 0.697363
4.975000 0.675139
5.025000 0.648168
5.075000 0.617098
5.125000 0.582644
5.175000 0.545565
5.225000 0.506634
5.275000 0.466615
5.325000 0.426235
5.375000 0.386166
5.425000 0.347011
5.475000 0.309290
5.525000 0.273433
5.575000 0.239778
5.625000 0.208571
5.675000 0.179969
5.725000 0.154048
5.775000 0.130811
5.825000 0.110202
5.875000 0.092110
5.925000 0.076387
5.975000 0.062856
6.025000 0.051324
6.075000 0.041586
6.125000 0.033439
6.175000 0.026685
6.225000 0.021133
6.275000 0.016611
6.325000 0.012959
6.375000 0.010034
6.425000 0.007711
6.475000 0.005883
6.525000 0.004455
6.575000 0.003349
6.625000 0.002500
6.675000 0.001853
6.725000 0.001364
6.775000 0.000997
6.825000 0.000724
6.875000 0.000522
6.925000 0.000374
6.975000 0.000266
7.025000 0.000188
7.075000 0.000132
7.125000 0.000092
7.175000 0.000064
7.225000 0.000044
7.275000 0.000030
7.325000 0.000021
7.375000 0.000014
7.425000 0.000009
7.475000 0.000006
7.525000 0.000004
7.575000 0.000003
7.625000 0.000002
7.675000 0.000001
7.725000 0.000001
7.775000 0.000001
7.825000 0.000000
7.875000 0.000000
7.925000 0.000000
7.975000 0.000000
8.025000 0.000000
8.075000 0.000000
8.125000 0.000000
8.175000 0.000000
8.225000 0.000000
8.275000 0.000000
8.325000 0.000000
8.375000 0.000000
8.425000 0.000000
8.475000 0.000000
8.525000 0.000000
8.575000 0.000000
8.625000 0.000000
8.675000 0.000000
8.725000 0.000000
8.775000 0.000000
8.825000 0.000000
8.875000 0.000000
8.925000 0.000000
8.975000 0.000000
9.025000 0.000000
9.075000 0.000000
9.125000 0.000000
9.175000 0.000000
9.225000 0.000000
9.275000 0.000000
9.325000 0.000000
9.375000 0.000000
9.425000 0.000000
9.475000 0.000000
9.525000 0.000000
9.575000 0.000000
9.625000 0.000000
9.675000 0.000000
9.725000 0.000000
9.775000 0.000000
9.825000 0.000000
9.875000 0.000000
9.925000 0.000000
9.975000 0.000000
10.000000 0.000000