-10.000000 0.000000
-9.975000 0.000000
-9.925000 0.000000
-9.875000 0.000000
-9.825000 0.000000
-9.775000 0.000000
-9.725000 0.000000
-9.675000 0.000000
-9.625000 0.000000
-9.575000 0.000000
-9.525000 0.000000
-9.475000 0.000000
-9.425000 0.000000
-9.375000 0.000000
-9.325000 0.000000
-9.275000 0.000000
-9.225000 0.000000
-9.175000 0.000000
-9.125000 0.000000
-9.075000 0.000000
-9.025000 0.000000
-8.975000 0.000000
-8.925000 0.000000
-8.875000 0.000000
-8.825000 0.000000
-8.775000 0.000000
-8.725000 0.000000
-8.675000 0.000000
-8.625000 0.000000
-8.575000 0.000000
-8.525000 0.000000
-8.475000 0.000000
-8.425000 0.000000
-8.375000 0.000000
-8.325000 0.000000
-8.275000 0.000000
-8.225000 0.000000
-8.175000 0.000000
-8.125000 0.000000
-8.075000 0.000000
-8.025000 0.000000
-7.975000 0.000000
-7.925000 0.000000
-7.875000 0.000000
-7.825000 0.000000
-7.775000 0.000000
-7.725000 0.000000
-7.675000 0.000000
-7.625000 0.000000
-7.575000 0.000000
-7.525000 0.000000
-7.475000 0.000000
-7.425000 0.000000
-7.375000 0.000000
-7.325000 0.000000
-7.275000 0.000000
-7.225000 0.000000
-7.175000 0.000000
-7.125000 0.000000
-7.075000 0.000000
-7.025000 0.000000
-6.975000 0.000000
-6.925000 0.000000
-6.875000 0.000000
-6.825000 0.000000
-6.775000 0.000000
-6.725000 0.000000
-6.675000 0.000000
-6.625000 0.000000
-6.575000 0.000000
-6.525000 0.000000
-6.475000 0.000000
-6.425000 0.000000
-6.375000 0.000000
-6.325000 0.000000
-6.275000 0.000000
-6.225000 0.000000
-6.175000 0.000000
-6.125000 0.000000
-6.075000 0.000000
-6.025000 0.000000
-5.975000 0.000000
-5.925000 0.000000
-5.875000 0.000000
-5.825000 0.000000
-5.775000 0.000000
-5.725000 0.000000
-5.675000 0.000000
-5.625000 0.000000
-5.575000 0.000000
-5.525000 0.000000
-5.475000 0.000000
-5.425000 0.000000
-5.375000 0.000000
-5.325000 0.000000
-5.275000 0.000000
-5.225000 0.000000
-5.175000 0.000000
-5.125000 0.000000
-5.075000 0.000000
-5.025000 0.000000
-4.975000 0.000000
-4.925000 0.000000
-4.875000 0.000000
-4.825000 0.000000
-4.775000 0.000000
-4.725000 0.000000
-4.675000 0.000000
-4.625000 0.000000
-4.575000 0.000000
-4.525000 0.000000
-4.475000 0.000000
-4.425000 0.000000
-4.375000 0.000000
-4.325000 0.000000
-4.275000 0.000000
-4.225000 0.000000
-4.175000 0.000000
-4.125000 0.000000
-4.075000 0.000000
-4.025000 0.000000
-3.975000 0.000000
-3.925000 0.000000
-3.875000 0.000000
-3.825000 0.000000
-3.775000 0.000000
-3.725000 0.000000
-3.675000 0.000000
-3.625000 0.000000
-3.575000 0.000000
-3.525000 0.000000
-3.475000 0.000000
-3.425000 0.000000
-3.375000 0.000000
-3.325000 0.000000
-3.275000 0.000000
-3.225000 0.000000
-3.175000 0.000000
-3.125000 0.000000
-3.075000 0.000000
-3.025000 0.000000
-2.975000 0.000000
-2.925000 0.000000
-2.875000 0.000000
-2.825000 0.000000
-2.775000 0.000000
-2.725000 0.000000
-2.675000 0.000000
-2.625000 0.000000
-2.575000 0.000000
-2.525000 0.000000
-2.475000 0.000000
-2.425000 0.000000
-2.375000 0.000000
-2.325000 0.000000
-2.275000 0.000000
-2.225000 0.000000
-2.175000 0.000000
-2.125000 0.000000
-2.075000 0.000000
-2.025000 0.000000
-1.975000 0.000000
-1.925000 0.000000
-1.875000 0.000000
-1.825000 0.000000
-1.775000 0.000000
-1.725000 0.000000
-1.675000 0.000000
-1.625000 0.000000
-1.575000 0.000000
-1.525000 0.000000
-1.475000 0.000000
-1.425000 0.000000
-1.375000 0.000000
-1.325000 0.000000
-1.275000 0.000000
-1.225000 0.000000
-1.175000 0.000000
-1.125000 0.000000
-1.075000 0.000000
-1.025000 0.000000
-0.975000 0.000000
-0.925000 0.000000
-0.875000 0.000000
-0.825000 0.000000
-0.775000 0.000000
-0.725000 0.000001
-0.675000 0.000001
-0.625000 0.000001
-0.575000 0.000001
-0.525000 0.000002
-0.475000 0.000003
-0.425000 0.000004
-0.375000 0.000005
-0.325000 0.000006
-0.275000 0.000009
-0.225000 0.000011
-0.175000 0.000015
-0.125000 0.000020
-0.075000 0.000026
-0.025000 0.000034
0.025000 0.000045
0.075000 0.000058
0.125000 0.000075
0.175000 0.000096
0.225000 0.000123
0.275000 0.000156
0.325000 0.000198
0.375000 0.000250
0.425000 0.000315
0.475000 0.000394
0.525000 0.000490
0.575000 0.000609
0.625000 0.000752
0.675000 0.000926
0.725000 0.001136
0.775000 0.001387
0.825000 0.001688
0.875000 0.002045
0.925000 0.002469
0.975000 0.002969
1.025000 0.003557
1.075000 0.004246
1.125000 0.005049
1.175000 0.005982
1.225000 0.007061
1.275000 0.008304
1.325000 0.009730
1.375000 0.011360
1.425000 0.013216
1.475000 0.015320
1.525000 0.017697
1.575000 0.020372
1.625000 0.023369
1.675000 0.026715
1.725000 0.030435
1.775000 0.034555
1.825000 0.039099
1.875000 0.044093
1.925000 0.049559
1.975000 0.055520
2.025000 0.061992
2.075000 0.068993
2.125000 0.076535
2.175000 0.084627
2.225000 0.093274
2.275000 0.102476
2.325000 0.112229
2.375000 0.122525
2.425000 0.133348
2.475000 0.144677
2.525000 0.156482
2.575000 0.168728
2.625000 0.181375
2.675000 0.194374
2.725000 0.207673
2.775000 0.221213
2.825000 0.234930
2.875000 0.248753
2.925000 0.262608
2.975000 0.276412
3.025000 0.290084
3.075000 0.303535
3.125000 0.316678
3.175000 0.329427
3.225000 0.341695
3.275000 0.353395
3.325000 0.364445
3.375000 0.374763
3.425000 0.384270
3.475000 0.392892
3.525000 0.400564
3.575000 0.407224
3.625000 0.412822
3.675000 0.417316
3.725000 0.420672
3.775000 0.422868
3.825000 0.423887
3.875000 0.423722
3.925000 0.422376
3.975000 0.419862
4.025000 0.416200
4.075000 0.411422
4.125000 0.405570
4.175000 0.398693
4.225000 0.390850
4.275000 0.382104
4.325000 0.372523
4.375000 0.362183
4.425000 0.351159
4.475000 0.339532
4.525000 0.327384
4.575000 0.314800
4.625000 0.301864
4.675000 0.288661
4.725000 0.275276
4.775000 0.261788
4.825000 0.248276
4.875000 0.234814
4.925000 0.221469
4.975000 0.208306
5.025000 0.195383
5.075000 0.182754
5.125000 0.170466
5.175000 0.158560
5.225000 0.147075
5.275000 0.136040
5.325000 0.125481
5.375000 0.115418
5.425000 0.105864
5.475000 0.096829
5.525000 0.088315
5.575000 0.080323
5.625000 0.072847
5.675000 0.065879
5.725000 0.059408
5.775000 0.053418
5.825000 0.047895
5.875000 0.042818
5.925000 0.038169
5.975000 0.033926
6.025000 0.030066
6.075000 0.026567
6.125000 0.023407
6.175000 0.020561
6.225000 0.018008
6.275000 0.015726
6.325000 0.013691
6.375000 0.011884
6.425000 0.010284
6.475000 0.008872
6.525000 0.007631
6.575000 0.006543
6.625000 0.005593
6.675000 0.004766
6.725000 0.004049
6.775000 0.003428
6.825000 0.002894
6.875000 0.002435
6.925000 0.002042
6.975000 0.001707
7.025000 0.001422
7.075000 0.001181
7.125000 0.000978
7.175000 0.000807
7.225000 0.000664
7.275000 0.000544
7.325000 0.000444
7.375000 0.000362
7.425000 0.000293
7.475000 0.000237
7.525000 0.000191
7.575000 0.000154
7.625000 0.000123
7.675000 0.000098
7.725000 0.000078
7.775000 0.000061
7.825000 0.000048
7.875000 0.000038
7.925000 0.000030
7.975000 0.000023
8.025000 0.000018
8.075000 0.000014
8.125000 0.000011
8.175000 0.000008
8.225000 0.000006
8.275000 0.000005
8.325000 0.000004
8.375000 0.000003
8.425000 0.000002
8.475000 0.000002
8.525000 0.000001
8.575000 0.000001
8.625000 0.000001
8.675000 0.000000
8.725000 0.000000
8.775000 0.000000
8.825000 0.000000
8.875000 0.000000
8.925000 0.000000
8.975000 0.000000
9.025000 0.000000
9.075000 0.000000
9.125000 0.000000
9.175000 0.000000
9.225000 0.000000
9.275000 0.000000
9.325000 0.000000
9.375000 0.000000
9.425000 0.000000
9.475000 0.000000
9.525000 0.000000
9.575000 0.000000
9.625000 0.000000
9.675000 0.000000
9.725000 0.000000
9.775000 0.000000
9.825000 0.000000
9.875000 0.000000
9.925000 0.000000
9.975000 0.000000
10.000000 0.000000