-10.000000 0.000000
-9.975000 0.000000
-9.925000 0.000000
-9.875000 0.000000
-9.825000 0.000000
-9.775000 0.000000
-9.725000 0.000000
-9.675000 0.000000
-9.625000 0.000000
-9.575000 0.000000
-9.525000 0.000000
-9.475000 0.000000
-9.425000 0.000000
-9.375000 0.000000
-9.325000 0.000000
-9.275000 0.000000
-9.225000 0.000000
-9.175000 0.000000
-9.125000 0.000000
-9.075000 0.000000
-9.025000 0.000000
-8.975000 0.000000
-8.925000 0.000000
-8.875000 0.000000
-8.825000 0.000000
-8.775000 0.000000
-8.725000 0.000000
-8.675000 0.000000
-8.625000 0.000000
-8.575000 0.000000
-8.525000 0.000000
-8.475000 0.000000
-8.425000 0.000000
-8.375000 0.000000
-8.325000 0.000000
-8.275000 0.000000
-8.225000 0.000000
-8.175000 0.000000
-8.125000 0.000000
-8.075000 0.000000
-8.025000 0.000000
-7.975000 0.000000
-7.925000 0.000000
-7.875000 0.000000
-7.825000 0.000000
-7.775000 0.000000
-7.725000 0.000000
-7.675000 0.000000
-7.625000 0.000000
-7.575000 0.000000
-7.525000 0.000000
-7.475000 0.000000
-7.425000 0.000001
-7.375000 0.000001
-7.325000 0.000001
-7.275000 0.000001
-7.225000 0.000001
-7.175000 0.000002
-7.125000 0.000002
-7.075000 0.000002
-7.025000 0.000003
-6.975000 0.000003
-6.925000 0.000004
-6.875000 0.000005
-6.825000 0.000006
-6.775000 0.000007
-6.725000 0.000008
-6.675000 0.000010
-6.625000 0.000012
-6.575000 0.000014
-6.525000 0.000017
-6.475000 0.000020
-6.425000 0.000023
-6.375000 0.000027
-6.325000 0.000032
-6.275000 0.000038
-6.225000 0.000045
-6.175000 0.000053
-6.125000 0.000062
-6.075000 0.000072
-6.025000 0.000085
-5.975000 0.000099
-5.925000 0.000115
-5.875000 0.000134
-5.825000 0.000155
-5.775000 0.000180
-5.725000 0.000208
-5.675000 0.000241
-5.625000 0.000278
-5.575000 0.000320
-5.525000 0.000368
-5.475000 0.000423
-5.425000 0.000485
-5.375000 0.000555
-5.325000 0.000634
-5.275000 0.000724
-5.225000 0.000825
-5.175000 0.000939
-5.125000 0.001066
-5.075000 0.001209
-5.025000 0.001370
-4.975000 0.001549
-4.925000 0.001749
-4.875000 0.001972
-4.825000 0.002221
-4.775000 0.002496
-4.725000 0.002802
-4.675000 0.003141
-4.625000 0.003514
-4.575000 0.003927
-4.525000 0.004381
-4.475000 0.004881
-4.425000 0.005430
-4.375000 0.006033
-4.325000 0.006692
-4.275000 0.007412
-4.225000 0.008197
-4.175000 0.009052
-4.125000 0.009980
-4.075000 0.010988
-4.025000 0.012080
-3.975000 0.013263
-3.925000 0.014540
-3.875000 0.015917
-3.825000 0.017399
-3.775000 0.018991
-3.725000 0.020698
-3.675000 0.022525
-3.625000 0.024479
-3.575000 0.026564
-3.525000 0.028788
-3.475000 0.031154
-3.425000 0.033666
-3.375000 0.036329
-3.325000 0.039146
-3.275000 0.042120
-3.225000 0.045255
-3.175000 0.048556
-3.125000 0.052024
-3.075000 0.055664
-3.025000 0.059475
-2.975000 0.063459
-2.925000 0.067612
-2.875000 0.071936
-2.825000 0.076427
-2.775000 0.081085
-2.725000 0.085908
-2.675000 0.090893
-2.625000 0.096036
-2.575000 0.101331
-2.525000 0.106770
-2.475000 0.112344
-2.425000 0.118044
-2.375000 0.123862
-2.325000 0.129789
-2.275000 0.135815
-2.225000 0.141929
-2.175000 0.148119
-2.125000 0.154369
-2.075000 0.160663
-2.025000 0.166984
-1.975000 0.173317
-1.925000 0.179645
-1.875000 0.185954
-1.825000 0.192227
-1.775000 0.198447
-1.725000 0.204594
-1.675000 0.210649
-1.625000 0.216589
-1.575000 0.222396
-1.525000 0.228053
-1.475000 0.233541
-1.425000 0.238846
-1.375000 0.243950
-1.325000 0.248836
-1.275000 0.253485
-1.225000 0.257879
-1.175000 0.262001
-1.125000 0.265836
-1.075000 0.269372
-1.025000 0.272599
-0.975000 0.275507
-0.925000 0.278086
-0.875000 0.280324
-0.825000 0.282212
-0.775000 0.283740
-0.725000 0.284903
-0.675000 0.285699
-0.625000 0.286126
-0.575000 0.286186
-0.525000 0.285880
-0.475000 0.285208
-0.425000 0.284171
-0.375000 0.282773
-0.325000 0.281018
-0.275000 0.278915
-0.225000 0.276474
-0.175000 0.273708
-0.125000 0.270627
-0.075000 0.267244
-0.025000 0.263570
0.025000 0.259617
0.075000 0.255398
0.125000 0.250929
0.175000 0.246228
0.225000 0.241312
0.275000 0.236201
0.325000 0.230911
0.375000 0.225458
0.425000 0.219859
0.475000 0.214129
0.525000 0.208288
0.575000 0.202353
0.625000 0.196343
0.675000 0.190278
0.725000 0.184175
0.775000 0.178048
0.825000 0.171912
0.875000 0.165782
0.925000 0.159672
0.975000 0.153598
1.025000 0.147575
1.075000 0.141616
1.125000 0.135733
1.175000 0.129939
1.225000 0.124240
1.275000 0.118647
1.325000 0.113168
1.375000 0.107810
1.425000 0.102582
1.475000 0.097491
1.525000 0.092543
1.575000 0.087742
1.625000 0.083091
1.675000 0.078591
1.725000 0.074246
1.775000 0.070056
1.825000 0.066024
1.875000 0.062150
1.925000 0.058435
1.975000 0.054878
2.025000 0.051477
2.075000 0.048229
2.125000 0.045131
2.175000 0.042183
2.225000 0.039380
2.275000 0.036720
2.325000 0.034200
2.375000 0.031817
2.425000 0.029566
2.475000 0.027441
2.525000 0.025440
2.575000 0.023556
2.625000 0.021787
2.675000 0.020127
2.725000 0.018572
2.775000 0.017119
2.825000 0.015761
2.875000 0.014495
2.925000 0.013314
2.975000 0.012216
3.025000 0.011195
3.075000 0.010248
3.125000 0.009370
3.175000 0.008559
3.225000 0.007809
3.275000 0.007116
3.325000 0.006478
3.375000 0.005890
3.425000 0.005349
3.475000 0.004852
3.525000 0.004396
3.575000 0.003979
3.625000 0.003598
3.675000 0.003249
3.725000 0.002931
3.775000 0.002641
3.825000 0.002377
3.875000 0.002136
3.925000 0.001918
3.975000 0.001721
4.025000 0.001542
4.075000 0.001380
4.125000 0.001234
4.175000 0.001102
4.225000 0.000983
4.275000 0.000875
4.325000 0.000779
4.375000 0.000693
4.425000 0.000615
4.475000 0.000546
4.525000 0.000484
4.575000 0.000428
4.625000 0.000379
4.675000 0.000335
4.725000 0.000295
4.775000 0.000260
4.825000 0.000229
4.875000 0.000202
4.925000 0.000177
4.975000 0.000156
5.025000 0.000137
5.075000 0.000120
5.125000 0.000105
5.175000 0.000092
5.225000 0.000080
5.275000 0.000070
5.325000 0.000061
5.375000 0.000053
5.425000 0.000046
5.475000 0.000040
5.525000 0.000035
5.575000 0.000030
5.625000 0.000026
5.675000 0.000022
5.725000 0.000019
5.775000 0.000017
5.825000 0.000014
5.875000 0.000012
5.925000 0.000011
5.975000 0.000009
6.025000 0.000008
6.075000 0.000007
6.125000 0.000006
6.175000 0.000005
6.225000 0.000004
6.275000 0.000004
6.325000 0.000003
6.375000 0.000003
6.425000 0.000002
6.475000 0.000002
6.525000 0.000002
6.575000 0.000001
6.625000 0.000001
6.675000 0.000001
6.725000 0.000001
6.775000 0.000001
6.825000 0.000001
6.875000 0.000000
6.925000 0.000000
6.975000 0.000000
7.025000 0.000000
7.075000 0.000000
7.125000 0.000000
7.175000 0.000000
7.225000 0.000000
7.275000 0.000000
7.325000 0.000000
7.375000 0.000000
7.425000 0.000000
7.475000 0.000000
7.525000 0.000000
7.575000 0.000000
7.625000 0.000000
7.675000 0.000000
7.725000 0.000000
7.775000 0.000000
7.825000 0.000000
7.875000 0.000000
7.925000 0.000000
7.975000 0.000000
8.025000 0.000000
8.075000 0.000000
8.125000 0.000000
8.175000 0.000000
8.225000 0.000000
8.275000 0.000000
8.325000 0.000000
8.375000 0.000000
8.425000 0.000000
8.475000 0.000000
8.525000 0.000000
8.575000 0.000000
8.625000 0.000000
8.675000 0.000000
8.725000 0.000000
8.775000 0.000000
8.825000 0.000000
8.875000 0.000000
8.925000 0.000000
8.975000 0.000000
9.025000 0.000000
9.075000 0.000000
9.125000 0.000000
9.175000 0.000000
9.225000 0.000000
9.275000 0.000000
9.325000 0.000000
9.375000 0.000000
9.425000 0.000000
9.475000 0.000000
9.525000 0.000000
9.575000 0.000000
9.625000 0.000000
9.675000 0.000000
9.725000 0.000000
9.775000 0.000000
9.825000 0.000000
9.875000 0.000000
9.925000 0.000000
9.975000 0.000000
10.000000 0.000000