-0.0244195057098234,-0.801548797859263
0.52368175217692,-1.43269004442702
-3.99582000912448,-0.430606835495961
0.50592668337135,-3.02372592890759
-1.13012071452726,-2.65057947076551
-7.90847496950538,1.76967083357212
-0.352488380081565,-1.48237419684267
-0.185954832155627,-2.2336453654428
1.98888019741621,0.595101547084664
-0.0316643300587472,-1.9973897129008
2.28556595394801,0.172968570233165
3.25218077723583,-1.14603457580934
1.50491810814789,0.510934647283751
-3.98092727125162,0.826071595071778
-8.50049449525258,1.81919844939458
2.33936003572136,0.572475220731789
-0.00656457926720357,-1.90038781759651
0.424215027050145,-1.61331447744385
-2.51081523691767,-0.715137321653684
-0.102789895283278,-3.26561344890822
5.37167962630529,-2.70217628593267
4.13064369033359,-1.56251430399472
-6.27813223703283,1.02820233403853
-0.159387630999193,-2.69782001623658
-3.67499256318646,-0.474401608964174
-0.188846785928099,-2.53255158506591
3.62554173646053,-0.85749991494892
3.69879739632125,-1.15539552760788
-4.35477754691222,-0.10908221429256
0.839891051849513,-2.5188443643283
-4.04767881327488,1.49896314382902
-2.75674102376875,0.184888338504941
5.16469951627234,-1.42978567075665
-3.20354316675842,1.78151096910567
0.118755495710717,-2.87344631025462
-0.206761118835821,-2.94689550204286
1.20838456623312,1.08656158950918
0.232274011592819,-1.43581185237345
4.16435709315657,-1.28053250544534
0.595210108334283,-1.44790796618312
0.712360475505581,-1.89650485983499
-4.86094986278345,3.56073182118877
-0.389864276417739,-2.52194290990115
-0.168655713752747,-1.57594986938352
-4.93138046918913,-0.612834487765318
-3.83099639637709,-1.30348632707965
-0.599082077540194,1.42458522910565
0.0328718390804673,-2.56383683368441
-0.17521523500612,-3.27454287092936
-0.494795168826976,-1.72032901733619
4.94565370502187,-1.95175520097064
0.76741746179037,0.0975166846166386
1.94881277434651,0.0390359088929763
0.124673158833539,-0.485044469690068
-3.36214227972208,1.23100955290534
-0.636216836300946,-2.32648592354157
0.680269801353617,-3.0388555305218
-0.341221359255166,-0.0301780801700422
-0.565889745297933,-2.02997821608047
-0.315710177276841,-2.76762791228501
-3.91567767901967,4.52810801764082
-6.03242988054539,0.358107749000118
0.589842079947662,-0.716141986837602
-1.11877846549722,0.648975930752175
-3.18212482539125,-0.13165965765412
0.388204019995928,-2.07671829039607
-2.12348655072596,1.20417094536495
0.344758843775184,-1.8234107386016
0.68619598051789,-1.78952681267965
0.852793481656143,-1.05289073077384
-1.74037446678196,0.408620873605083
0.690427819298182,-1.57969167428567
1.37847091077961,0.621886617173412
4.0403431518136,-1.23881661476447
-6.11481008584104,1.22419614115105
-0.17152284976854,-1.75518983286639
3.9167144675354,-0.629447256370463
-0.0201118870790976,-3.28224188731899
0.129151074082451,1.33694403594071
-1.74506698854154,-0.740865991050706
-0.253406709802689,-0.835939210552932
-0.884107686162162,-1.88191504093315
2.48725342442817,-0.890083372476489
-2.05811091662831,1.45046484262873
5.19039361025064,-1.81271664791218
-0.378445623580464,-1.45837339016008
4.01193461758271,-0.579247173188941
1.03463841953408,0.300908824603434
-4.39773698416141,2.11034397311191
-0.17151060645897,-2.32391431307573
-4.18178686875242,-0.489213909247291
-2.3696164061771,-1.83613241787582
-1.43065639042661,2.39719334163305
-7.77882577757446,-0.00370161723824418
0.142496534521255,-1.30277562696294
-0.327914286466774,-2.19562276491965
0.344705013907197,-2.37277991751768
0.314687032409901,-1.17345920298614
0.593959774349969,-2.83231157911546
0.40152272947997,-0.307731176359306
1.06748154282908,0.517136164053356
1.6916178645239,-0.172597716374315
-0.77535659625665,1.42815029091949
0.864578218806021,-1.24099609995278
-4.46526641449495,3.39534009056431
-6.48477140611301,1.18229635593274
-0.816369771581613,1.58695099114372
-6.37489213062816,0.756577712412404
0.0303729345199199,-1.17971637291244
-6.00856390917984,-0.57858374367072
-0.377201824004702,-2.25789625555588
4.35981730753582,-2.13190470745363
-4.89011440971118,1.50115995756314
-5.26517785118039,-0.487563685355975
-8.65884234947518,0.439056640646715
0.616441983235855,-4.52222101502201
-5.14801705100312,0.966009082095522
0.103421768336812,-2.33590107523433
-5.79332615042646,-1.31650898272389
1.0241190643495,-2.49444686826214
0.278790292948119,-0.987761943497652
0.458010913977615,0.863238783897495
2.42894877288962,0.24033106124753
-3.66735866255312,3.20475581794074
1.61828201396683,-0.532538907436062
0.517361684752122,-1.78482606970494
-0.271771853643192,-1.08900395337385
-4.93308230571712,1.86182298693313
2.32857949686798,-0.941517671847994
-0.103975867046216,-2.19596437260224
-5.26312930704487,-0.617665555482523
-9.03769289611924,1.09261388019528
0.544792712684173,1.01000904531733
1.67909871766228,0.102255380634075
1.1918612347831,-2.29123651867989
3.55072129092826,-0.339222552567499
-0.276684866123919,-1.48096361607552
-0.0946982114365202,-2.56777544969288
-0.0221339797919207,-4.05123647669003
1.15876668701495,0.269544128541969
-1.30580738377281,1.94835615481641
-5.34521484753581,1.01904349270126
-6.9679918379981,1.48740902514124
0.21193704995621,-3.01226276524542
3.87721767380397,-0.385847608444465
1.73048322968857,0.338409504710981
-0.513120791379723,1.65776600358857
-0.633867730967606,-3.08912611549603
-0.863600214029816,1.94589193227771
5.44215051809403,-2.00095189383047
4.95050686708074,-1.74733174487767
-7.87091102920578,-1.94250951673034
-6.19384028636162,-1.04834924778278
-2.12525063416401,2.97119492267569
-7.7606065004245,1.6793184706581
-5.55578673167978,-0.606167404726974
2.39442204729645,-0.241127289818861
2.65244503194119,0.0284286310786125
-1.35158452118857,-1.31990641251032
1.23676526713468,0.87297059075668
-4.38359116085385,-0.642608880718278
0.32527664594725,-1.74641848401224
1.97432266818652,0.243304201972713
3.33408830019548,-0.786751905960577
-2.51420865514238,2.66917613886484
-0.202151418799894,-1.69956047601815
3.99458947781914,-1.27036540049552
1.68956038813453,-0.124792517989322
0.725367165824908,-3.01664410494323
-0.631071368185298,1.24858356135387
1.83005243893363,-0.185628468487753
-6.17505188304626,0.560309418025904
-1.20510316363515,-0.711900380675797
0.412804986323095,-1.7591962997151
-4.45815416233539,0.279433008610869
0.132810776226524,-2.14857771110747
2.34260159548093,0.0339749089464348
4.99218128024955,-2.3942898334152
4.27599611033166,-1.65123890526605
-7.52126812073443,0.248126218290424
0.429434091319298,-2.64931883801541
-0.315429461791044,-2.11941213269734
0.653482693268998,1.06103871890613
-6.18892898943856,-0.215110713581753
4.62238366571131,-1.04195727512289
-1.94497266811462,2.95420621830859
-0.545262987541849,-3.04770497275569
-0.602863146408852,1.9541174405911
-5.90722343347456,0.292630846220676
2.91598896031952,0.536750984457014
-5.89247973873652,0.396719628731933
-8.56440603643299,0.657730395760332
3.49068022893444,0.0703361420726278
-0.450999542600164,-1.54776097247569
1.66485939995576,0.396159783585459
0.175514134865956,-2.34112526230258
-6.77191991102135,-0.482431190444915
1.4585548313,0.44441666393286
-0.430262526635355,-2.2272999640757
2.73837285741893,-0.6438760624018
0.805022994789686,0.583801669550128
-3.22888126832832,0.297629766140499
0.0272525214612199,-0.99228631918487
-5.58612715363621,-0.739499030734036
3.68770738758692,-1.11665938762084
0.900757157070252,-1.65421549145868
-3.54647042934676,0.783165720077802
0.161186612449222,-0.919387005883307
1.16243563896365,0.417762589446968
1.0928277654382,-1.96959654860602
0.939563895791008,0.900407311611809
-6.23036056833225,0.454067053477774
-1.46453641315409,1.99488126015979
0.824435166818301,0.267600849898444
2.32839995202668,-0.463619756645477
-0.450394290295739,1.46262842827894
-0.185723701630055,-2.1835744592167
-0.461774271127741,-2.92332102918237
-0.361417495756801,-1.84425870416486
0.11626733690124,-3.08705233802966
-0.389111523280845,-1.30244296040289
-1.29309741355344,-2.24261538990393
-3.74764980207746,1.34700587387902
2.83934636370306,-0.683971015568597
2.69922180522627,0.184964100339717
-9.84542866444091,-0.737823298552804
-3.98595899896668,1.44460184503515
-0.272727261142324,-2.87504676966595
6.24082187968931,-2.962547151487
-7.82181661248423,0.358180062735198
-0.201460625414183,-2.06863385644664
-0.2767156179422,-2.2972188346596
4.34283340177104,-1.42612174058166
-4.94036808066864,1.28556033018108
-0.535772259394145,0.960196327010549
-0.468886660943471,-1.26384335192436
3.46721476850813,-1.2768362921464
-0.690691037985158,-1.82583699173344
-1.06828421819311,-2.36458417174022
0.255382706284468,-2.22075921501162
0.283589878796576,-3.51695775432961
5.59232848417446,-1.91815293748781
-0.343782733266624,-0.684731972190014
-4.75214313385992,-1.46490799905659
-0.424901003825931,1.67322076652985
-4.77130306720647,0.307089871845929
0.225605151728003,-2.73956892935468
-6.01629212118594,-0.241785635055465
-6.31778137561927,1.0964599277332
-2.59670893538672,2.87622353493131
1.05201808788414,0.718148450271348
-5.17737230750574,0.320942325798138
-8.64877229971357,1.34698158518474
-0.33293860805723,-1.32549689254985
0.408727005063342,-1.00617982266193
-4.25941650851633,-0.74728659014684
-2.84163472999016,-0.349771968035985
0.510190105474394,1.20070864928071
2.11833612140596,0.377562651074994
-5.36211952428478,0.320557043309246
-0.500991746404101,-1.52085686299431
0.658320420146177,-1.75903815920792
-4.90010466390912,-0.11779539086611
-0.0916992173713242,1.46966510252706
-5.38953201820349,-0.205875359224094
2.805422114042,0.165602327342594
-6.53276786524156,1.61177340556853
-0.369497937397118,-2.24459886959138
-9.35298344209109,-0.426741460524438
5.55409267777891,-2.10143081497831
-0.266922478420615,-0.0986513715371151
0.472402779800998,-3.09423230736189
0.159456609674007,-2.47162540019964
-0.173344953219647,0.966975025939276
-3.18758763733908,0.987628181001383
-4.02218068575813,4.61486280749511
-0.637949878433041,-2.39079378292686
-5.35094055094982,-0.595482962948657
-5.97338103035986,1.31671660698045
-8.47083956160745,0.160155184094372
-6.54010027548929,3.42545317851269
-6.89318438866247,-0.707965813503459
-5.55612864371374,0.306467710749151
0.492465304107291,-1.96860077898224
-2.31689074864458,0.752699767993291
0.134603544105864,-0.578639570701287
-0.137912011498603,-3.28537269092643
-2.53335688554158,0.296574014567659
6.14605037891602,-1.90994574410982
-0.595316012482184,-0.377478065847743
0.227432591695918,-1.57533285284495
-4.23518560934045,0.614333672294586
3.24891683697832,-0.988936490945982
4.82285998617643,-1.57842799046296
-2.92436136385281,-0.484236783699582
-0.30608827699611,-2.99188251954616
-0.289437140225531,1.12998934155699
-5.99716427186586,-0.322603810860685
-0.348414308479896,-0.490069242047459
-0.337734100140004,-1.46557709878058
0.237625606128578,-2.18186629189651
0.209868259116882,-2.28432894986826
-3.38569639617876,0.11833314325237
0.0989321528365113,-3.50306252693847
0.571256443053012,-2.46367232763723
4.16792913075417,-1.30845930780127
-4.50246297281701,0.44358573109224
-0.605778778521942,-0.834781945561055
0.227342291694354,-2.21011077084137
-5.01026655599625,-3.00607481335183
-4.66427593489887,3.13165615037175
2.81615735271135,-0.558800068652919
-3.56820517348749,0.655805897698914
-7.88176788912527,-1.18217007749909
-0.795964270716661,-1.92607636591736
-4.09648130682683,-0.529065773294073
1.53075373104855,0.400143767789996
0.346261040475773,-2.64157834711971
-4.49534761538907,0.808946197536109
-3.31494432253239,-0.331628724946113
6.13994542299552,-1.46153792519049
0.115506328066273,-2.22646654268844
-3.26535013755369,0.469306543177538
-4.88164873973755,0.79762616488057
4.65306525693317,-1.73741243651738
-5.19645466144915,0.0991670209957049
-1.32054991376337,1.47879777020651
0.315630666075148,-3.44967513667928
-0.62454977249323,-3.30768532852381
-2.98127596546889,-1.38953763572145
-7.92293441664366,0.274334606756381
-2.66766692213452,3.01272862918551
0.776575169746606,-1.17121837284695
0.0783076211814402,0.625292379091808
1.82394840049384,-0.259712135226451
1.58353131871454,-0.00995692559603495
-3.42791318631711,-0.648151607907466
-0.162542584683681,-2.68269952671552
-9.47052697006341,-0.980969655788995
3.2277131354201,-1.52243666454687
-3.71863281661986,-0.644947439655435
-1.49454348652249,0.160967367416968
0.0763806680940938,-2.15922204814628
-5.38691170706369,-1.45372852252832
0.642738133665146,-1.40603009463673
4.88541897276089,-1.35993683966016
0.891689773990929,0.761904313702509
-5.08417965869742,-0.861879874375418
0.623633621149908,-2.19027970390783
0.568625594937635,0.718465203099791
0.0475772673023125,1.15402821670319
-7.70835225662894,0.89626265229324
-2.97440599070475,-1.04908057123414
-0.0519550033751118,-1.67438639173215
-0.545517542465362,-1.170696115509
-1.21897683261631,1.83859721922519
-5.33986369663955,0.672790417856764
1.51525837948466,0.0344773116628203
-0.456152653533271,-2.90456704910282
-0.108475883757772,1.27123474341891
-0.501879464678401,-2.68220420081544
-5.43581441829498,0.971743437029839
-2.73063428284208,1.07974346020562
0.404781819533078,-2.81060853999994
-4.0235308155308,-0.0982830806714846
-5.06937111092874,0.183777179631042
-0.406956356299511,0.753632065932161
0.471294694444158,0.609073796117152
0.051848794658645,-2.05291099142385
1.92736201101519,-0.251450854876642
1.67093769907662,1.34386245198197
-5.58391223660166,2.14277918936696
-8.343658122169,1.3405060135135
-0.275518964921638,-2.49882030018058
-1.61404533715103,2.99854925962958
-0.567293426671392,-1.24643632699325
-2.49096366955459,1.00140276068817
-3.55945045822895,-0.177813814066775
4.87341019677615,-1.57972348181355
-0.403001991570268,-1.48334501357511
-5.17550925778723,0.587041163399422
4.43338625855487,-2.04689683906721
-4.92918784810763,2.13495834992009
2.76058086401852,-0.56950088689281
-0.109648637972008,-2.28012011767016
-0.391733708056555,-3.48257301380283
0.466913175300386,-2.57946041837019
-4.79371533729927,1.38593222971956
-1.02769232798732,1.39166988860222
-0.496123277807553,-1.08276020351059
-2.054860706993,-0.517591276130412
-0.899941186043358,-1.74096651283294
-6.83377276569505,-0.544549247769489
-1.59031460229845,2.21148501108799
-3.13224292166232,-0.747702128462917
-2.59975617587235,0.140756069241058
-4.36961672199457,0.0317809526951643
-3.40263518663766,0.241833827678289
4.48922377292897,-0.853273328295022
-1.80507605770883,2.54511320450657
0.0864009757061256,-1.9711746844368
0.750018985140116,1.26791988453706
0.660494954811626,-2.22187508166115
-6.81398826056933,-0.15719219062343
0.139549291402404,-1.01545869202704
-2.53671875125119,0.148142250951534
-0.123501921012788,1.28182631466559
-5.68361302801578,0.0694393429848915
2.86825615126432,-0.947376096810811
-0.229677836628905,1.67266372724417
3.48695115910943,-0.742449293475288
1.69240233635722,0.551884875643215
-4.65606294303116,-0.0862374594837714
2.66373453043479,-0.082608101102075
-3.43811654012052,1.41849754406736
-7.02859920450887,1.37800451070971
6.61179503589562,-3.05343304559666
-1.68043268180502,-0.0872580381187207
-0.936106130393132,-0.178057653879621
0.543261949554036,0.852368380232723
-3.89003142969264,0.675728350294393
-0.806072955911796,1.53710048016652
0.996375264292482,0.636013454980645
1.00907516458067,-2.90451261114268
-0.704533779123445,-2.91169675769971
0.73178925099686,0.842765739197693
-0.804920973139703,-1.89382041710714
0.169490167829935,0.69207848069328
3.31353844050141,-0.244192821184251
-8.26489229711319,-0.381199863572142
0.18188196911761,-1.12937539652446
0.680860383149307,-2.17374664673581
-5.78761061185845,2.02075888112203
-3.25803193362459,-2.0867492896533
1.13383099454134,0.178555501428695
-5.93955607451554,-0.707425449791756
-9.21360179080892,-1.23232817645344
0.439472277293928,-0.475895136299379
1.91302773192277,0.601234878449995
3.74777246246552,-1.12840127369562
3.17462777284028,-0.788427783531103
-4.79444221976451,-0.118201542347931
4.98683187267805,-1.56039665275043
0.265426743197595,-1.87113664370394
-0.939628004832209,-1.39530691656475
-7.29681128181007,1.1403941865527
0.187418876585477,-1.76613186862553
-3.84421976057936,0.627407288084146
2.9484827590997,-1.47959263089467
-5.84499362753632,1.03716095864451
1.3769755725084,0.454942244453124
-7.11000849209032,0.786058689032186
-0.790903913051244,-2.09712865817718
0.173119628079308,-3.57053266748568
1.41084107092201,0.392036078318509
5.21731112768002,-0.742735253953296
-5.36326179870272,-0.914394301731551
0.130782197457347,1.36967984357076
-4.1642959913791,-1.01393800430699
-0.193730286818332,0.794725049939219
-4.69362802032142,-0.410184037395191
-0.0829835239295831,-1.58676140475393
0.459146122276189,-1.62551001584281
0.0538510781455778,-0.927829500890898
-3.00151059089592,-0.635408298919985
-0.0387306359208198,-2.88895650458547
0.111446841377594,-2.92136954010749
0.352851349542161,-1.33938304596164
-5.1632222385595,1.62731204363177
-0.10264324534634,-2.01706592712271
-6.25938507750206,-1.83367315347314
-1.14257998555174,-1.2868346650273
3.85763974526429,-1.98871291014241
-1.14503773771721,-3.38690460840158
-0.0622982938670666,-2.98190728520044
0.301435833495375,-3.85998680110335
5.14137268110978,-1.98635118631417
-0.440391530184845,-1.57621098311277
-2.93346541325206,0.404539824854331
0.965726099555272,-2.73880877277493
-0.689903957149908,-3.16236418346664
-0.500168810474177,1.25126184494575
2.04271192902853,0.259760565963211
-3.59748637698761,-0.451910400946738
-5.6687887681129,3.83462341214304
-7.06358633258293,-2.04308778555284
-0.267086996254857,-2.98201778141807
0.238488192571809,-2.40621981220704
0.447502770609256,-0.9656323268547
-7.51351180580964,-0.959543534415785
-0.647260721852675,0.680107715791618
0.404363590012377,-3.27079662837887
-4.09414672055662,-0.590839171038735
-3.93852169136638,1.14854457231743
-6.1031811744817,0.165969509474474
-0.0680535895321726,-1.86943135392227
-4.91428720674794,-0.319417661157171
-0.465471088063519,-4.19484052839803
-5.26209947060576,0.680496995526562
1.02712587236217,0.960671274038411
0.37081056186622,-2.1711446377361
0.302753153510563,-1.68573885483051
-0.574247252606075,-2.74510735083746
-0.263213497899423,-0.644090909318439
-3.71895557854134,-3.49325306278534
0.402775072331633,1.1320933215403
0.554700118470506,-1.03096529107043
-4.28084267267363,2.06563080008857
0.15823192248968,-2.2423772929855
0.260538266174704,0.427887804407862
0.878933799734154,-1.387388631118
0.115219057123507,-2.37859876586871
0.250344768052298,0.110693165273844
-3.49475505544411,0.1272546679159
0.488044592255438,-2.58847824950367
-4.69333678648802,-1.09625134678248
1.10102827311569,-2.36650382056925
2.98232856329432,-0.389275128185077
-2.35699090709324,0.955970277922653
-5.20535577652498,1.05131316055972
-2.42224309179869,0.327210175949574
-3.36274723300904,-0.396776361849942
-5.3793552266945,1.15407779487038
-0.0600379200426581,-2.66256167717933
3.03624277469688,-1.24471524707559
0.520123855529693,-1.68319374571287
4.83721965560835,-1.67144710811934
2.62860702515984,-0.158331227096922
-5.05627863872645,-1.58001000939495
-6.82578723701245,0.227969089225215
0.79520077369439,-1.3346761565562
2.35433498097234,-0.254753717739688
-0.352457082674999,-2.79746703549865
5.38692652515586,-1.89397649982744
-5.33795110791258,0.109923228247026
0.656720715198204,-0.430806554978856
0.399483010282759,-1.78976183521593
1.88993275222518,-0.376563345835794
-0.724836213927773,-0.148548568649912
-6.45177143116603,0.066319723401696
-5.44673448830247,0.973434403259815
-2.37739317105182,0.0132344938041561
2.1141706838167,-0.607931377841172
-4.33244676598939,0.0133895928451244
-0.0237341686114567,-1.71699039176296
-1.74174573882691,-0.675097064618205
1.47259629161272,0.924756852991501
-4.78700205824232,-0.734908256315402
-4.16292568336681,-1.59346703964831
2.60787851877665,-0.122895800240369
1.0803780126138,0.528689832958137
-2.54706809056974,-1.52225684680772
-0.465335573927358,-3.76391977552923
-4.10425171603065,-0.938550884280731
-0.217450081044497,-3.29632430554081
-1.45059368180574,2.35753836226527
3.24134175612522,-0.486492453822703
2.621382728617,-0.0789364396564827
-1.01507323866345,-2.0095618930525
-3.36467892838906,4.03472091899904
-0.135363895978694,-1.97682773775827
-3.88969775181827,-1.18086830394445
-8.51595114072917,-0.762331235576781
-0.244026656884025,1.76805403273356
-5.35851888798368,-0.545107159619462
-2.64584131145898,0.152283179807523
-8.49314312516288,0.924438894945074
-2.775497537199,0.737606011465612
1.15200804556237,0.431589239931547
0.0790355346051762,-2.43954064132005
-0.185131787657212,-1.50232440013509
-0.11697919014917,-2.93442396105369
0.181750482211027,-1.9807030188627
0.0361714643713492,-1.5456959557385
0.429688533427712,-2.51912610806451
3.16234198561736,-0.61495220482205
1.74159748549311,0.351120675557534
4.39314071155298,0.0969065221863525
0.48658846334302,1.83838736209914
-5.07063323643559,-0.24253486858406
-7.19153453650029,0.251188910416452
0.173917881904019,-0.932059463853893
2.38919769794347,0.2636948699029
-0.748242150041659,-1.63422256136226
-7.48914096276457,0.949467515125127
-0.127878417389241,-1.32645575114474
-7.43516301227083,-0.568882581743249
-5.7380787569477,0.794849258694451
-5.43547645609978,-1.0379123246215
-3.33401206896701,0.85262701332945
-2.823896048617,0.0418065032955159
0.711991468448408,1.66890988483793
-5.50762585887004,0.933245858086191
-7.75773859206467,0.233081595140514
-4.57960299082758,-0.933639949108288
-2.27509076833592,-0.566146183513539
-0.079179033761771,1.39361259813577
-3.53718281170546,-0.194424329399445
-3.04296986850589,0.491095120244743
1.8522918275963,-0.00746030994694852
1.03769529788676,-1.01400370735108
-3.54738684775144,-0.47734169115117
-7.33373050739818,-1.75231078450944
5.16953189070852,-1.30113730073294
-5.27597203663488,1.08374225651905
-4.81004304193873,-0.00261207396268363
1.18114651525405,-1.66272170060155
-0.271223968173618,1.54116461271796
-3.16096639443763,-0.386329003729717
0.0961085587519932,1.47318352710957
-5.2841398074441,-0.564387158651098
-0.932405375986629,1.8612255138542
-8.10967024330059,1.46594616080041
0.159025933056813,-3.14715267730148
-0.198153822013263,-4.50281264872835
-0.629304942942198,2.12978779820052
-10.1800775345271,-0.375495624088032
0.348391113661862,0.944763788506155
-3.41171683936803,0.223953261533796
-1.83474857129398,0.971944593838381
-0.720305722573695,1.31828641571662
-6.00692167595835,-1.70339706518821
-2.71006234490117,-0.312257626611433
-2.75863543184532,1.04523883521367
2.94272025624403,-1.59337646254692
0.038112968503948,-1.40808071097275
-0.174236422487817,-4.04044654008519
3.18074592298037,-0.768346957253083
0.453456064583026,-3.18617120932791
0.408102263314416,-3.26935826343283
3.81740618264148,-1.75073220736145
0.045244354163791,-3.54735874620575
-1.97133946922492,2.62166294017877
-5.68101800076116,-1.52468354093916
-4.54016594936375,-1.14187292987395
-3.02649492498049,0.628757299166295
0.55474697613067,-3.00135606638576
-3.98024868026429,0.208128795572322
-6.82481801510749,0.838989777084298
-0.97822687288062,1.68416225261178
1.18145655460853,-2.41193619347679
-6.58634612267979,-1.27336832140268
-0.346212718610929,-2.6755580327046
-5.41616062546817,-0.146084979730207
5.15938203742029,-1.92954492030583
-0.707629438180869,-0.592315349245628
-0.464952546380645,-2.82070528064666
-0.647010933302566,-0.617231031604284
-0.40706018731771,0.651691931581431
0.835650155984645,0.19673893273071
3.86943981514947,-0.682363032110948
-6.15350603658514,-0.575853944076582
3.2577399268458,-0.88603784206111
-2.07617403258096,-0.648872783476626
-1.72462421901554,2.03899740820103
0.318069487163805,-2.54603182160175
-6.03515628063455,-0.308614910612387
-0.269446866513553,-1.25641788679634
0.231325626801579,-0.805830892970572
-0.0146548794436434,1.49998387950661
0.282474871446369,-1.80132445489961
0.24318705716005,-0.750446624063948
-5.51656390288707,0.802234193058525
-4.85593631257608,0.223325537549598
2.77839596158486,-0.943602428336079
1.90757806250318,0.993199677754514
-3.37325891331769,-1.69594375608336
-8.78188290853431,1.43269518395753
-0.724852376632762,-2.67498623297597
-0.164999127061825,0.752108036928903
-3.74562678802524,-0.653455262891173
1.35657256155829,0.407889817580713
-0.134084920051926,-2.49813915939624
4.62179107371017,-2.24051052920211
0.744686746158268,-2.39628903036733
2.23466085154989,0.560527461815651
-4.95520787678067,0.810814672304672
-2.67222618805206,3.14144807771971
-0.866905172622108,1.51660021737535
-5.78139993526091,-0.58706635867531
-0.927247033833338,1.10296192143694
-5.04712573301185,0.746589325564708
1.65720204680444,0.15135728472829
-0.350006143059098,-3.15009336685057
0.716781964661381,-1.27832518154405
0.34316756375419,-2.40969023867199
-0.04920090813902,-2.24333489032493
-7.56029026475758,-0.0972060215814149
1.2350295046886,0.260372446817439
-0.0433578982832207,-5.01026815819432
1.00031432209174,-1.84617652772375
2.40178306531583,-0.0713187043543557
1.76156666066182,0.478435917943592
0.18953761408686,-2.66049477121475
-0.110515633822748,0.788693569202823
1.87409325311184,-0.399864691762637
1.7598312893199,0.432254721236782
-5.94612605814335,0.130998157308734
-0.705156727805809,1.0793458822405
-1.39687154351581,-1.93075563350797
-2.96566514675369,1.95559865671402
-3.67720113571088,1.08200874997645
0.133890601669228,-1.01548673822509
-2.5764397918683,-0.0456067690350142
-3.08047555362396,3.70175311309279
-3.23909070597221,1.07394774702372
-4.23135150402546,0.611430312381579
-4.78311584005506,1.40207074766064
-4.29499848011829,-1.37737825460858
-5.33991472021421,-0.694035986870909
-2.62893708839866,-0.506199459106957
-4.69208137000678,-0.232574500086588
-2.52637304458803,0.143214134983764
6.17754224463068,-3.28610867573879
-0.8483556285011,-1.59405394249361
0.115713147124558,-1.89463945570184
1.15621348238893,0.316456696803969
0.331544597300814,-2.19682631812568
-7.50582054300747,-0.841139634733159
-0.0359965654487649,-2.03677830484063
-2.53191672606319,2.78259851702352
1.07330318577466,0.401746349367206
-3.25183847355963,0.114303612375482
0.371730883642135,-1.19349746695581
-1.06829402898571,1.43550853738604
-7.65907357596393,0.646317399168425
-0.165390930907194,1.23760264182416
0.29776033345308,-3.3083415165324
0.502105249538119,0.484770920181878
-6.64333731870836,0.240147478019541
-0.0281975196661474,-1.64309028092447
-0.490920161739389,-1.34108726323005
-0.219459338821383,-0.0189648265106828
-0.0129401593191888,-1.12848862490695
1.4535951840538,0.338294226715589
-0.227183419167257,-3.02837827633282
0.961628085251807,0.332223370595666
-0.161975466771705,-2.04889407993373
1.7856183137928,0.894333911600411
-1.96885454394764,0.700019227458188
-8.49650219193814,-0.0633966792124686
0.962590228243704,-2.94153700159986
0.129755140722259,-2.91181177084927
-0.734991715384646,0.233938170004712
-5.92856598543418,-0.423944768752217
2.94904057096128,-0.581449431187308
0.203254018675751,-2.01665685108226
0.745949665613549,-0.741586799191869
-5.00378823682695,1.43553709615076
-6.94160516807732,0.250344555288271
-4.06734407189533,-0.517679476210888
-5.97146459982262,-0.629933124219417
3.80778953224886,-0.552048454810873
1.98641372166022,1.14982878251342
4.84596307058813,-2.2934608138637
0.624558964067892,-2.05117180650583
3.23568283462926,0.229610227863592
0.257319846102917,0.839082011521996
2.84573105770221,0.181234900092432
1.65202507578381,0.807971441321579
-6.23528414508166,0.509771511419405
-5.22191669221659,0.343118937784559
-2.9145587829209,-0.948845095241807
-0.364849350135054,-2.25888638372925
0.942723331968917,1.35273875000006
2.25707653267983,-0.327225866895121
-5.69667085029906,2.17867628074189
0.59765274470162,-2.29088363995588
-3.51330279312829,-1.55468307092462
-0.594702129916772,-0.0664381975785024
3.2092899149333,-0.869621805475463
-1.05020503989255,-2.49343772949366
2.51446827869704,0.373405379427184
-5.72667188890244,-0.968366158192566
0.0303490369649775,-2.59487429322241
-5.18174114201855,-0.563770606022826
3.10437223224632,0.0196268026292659
0.414668986043858,-1.28792406666569
0.877981407484256,0.63097685230298
-6.30435915924991,-0.575565827880012
3.84733460178453,-1.06223287919266
8.72916361143088,-4.54722180712722
-3.13622021653316,3.79464710281435
-0.948323127663457,-3.10711545817353
-5.00524337902462,0.23918834664065
-0.573199419254828,1.43011143174712
0.921573949419316,0.621771028351651
1.38538908389008,0.250167714637504
1.39768443458933,0.798539066808303
5.01140654237773,-1.6110408435165
0.756778937531431,-1.88200325775157
0.684609645127855,-3.39099253689555
5.0240093929361,-2.15736091878718
3.90237009247683,-0.893348547780046
-1.96900568988499,-1.22505627312172
5.63680407395153,-2.06499921808548
-6.53121501305744,1.61105500997275
-5.00060194640778,-0.626954311568023
-6.0536778980008,0.00880558961806474
-3.8151204643753,1.32122657409286
-0.103099955243778,-1.55337307336646
-3.7759902764625,-0.555577117984592
1.33409480652802,-1.3166991065938
-0.0769888477795562,-1.56871920496499
-5.71715915864246,-0.159183162145265
-5.67718771179773,-1.06114910782434
-4.33086878300642,-1.26036805409576
3.05755964753759,-0.926339903077625
0.5586274759454,-2.23889570056569
0.259978432292921,-2.98151137901459
-7.80378788189642,-0.499708702692607
0.246049302619411,0.68351799406809
-4.03542184214257,0.571244241536243
3.35847180998386,-0.703023126551231
0.944225302888976,1.59102734176326
0.3392460421065,-1.97793119100671
4.82614917187201,-1.51134973951621
7.15299971578144,-3.00817762928083
-5.8532476581932,-0.0319398708267077
-0.20554856797763,-2.64816911285399
-0.212965362671109,0.273219698612762
-6.00858763268123,0.0582743251266712
0.461776684384628,-1.95398796306903
-3.97243437439366,-1.45168102577407
4.35763457758499,-2.03596277385473
-0.603686595324708,-1.40725033484109
0.873764482665765,-3.42463716910809
-6.06118410313477,1.47097910980062
3.18112961578398,-0.708096044107677
-0.364243033518104,-0.177786354192253
-5.7573197195348,0.482314720757671
-5.34962275741119,-0.346492636802045
-3.02650835324199,3.47007510373205
0.29966925597683,-1.60332094950455
-0.668026249335516,-1.47646356562249
-0.228821756981245,-0.547367124376857
-0.129980940009003,-3.64600995324007
-0.0622500160999926,-1.99338578076672
0.936051912230544,-1.05698836986623
3.38268812901126,-0.887998627569773
-2.45743030420428,0.197216811853857
-6.07420318643585,0.486752808428481
-1.46516901732033,-2.48684137539764
-6.03795750875728,-0.310746154044045
0.220233714363582,-2.97439254604285
-7.40954452522523,1.08009819669486
0.842597355724154,1.33146637737849
-2.58302356632695,2.35328151777249
-3.24719352778387,-0.171800770340899
1.42920857969894,0.914556502337707
5.33138043264678,-1.29086105615185
3.78458670494691,-0.30181456342725
-3.08404432078536,-0.499995586685914
-0.191825318517304,-3.22710669696469
3.99758437456889,-1.64540122716843
-0.544926639543237,-2.04288830194051
0.184704021117423,-1.0246738366123
-4.23513072615341,1.75127309887983
-5.52194290923082,0.816060226435931
-4.77399858793824,1.42484455553782
3.35538292365084,-1.58425085682137
0.0692383434504827,-1.06018234636702
0.542221918266356,-2.30934314498897
-0.404564627830834,-2.20724310223689
-1.16586291348522,1.33305430280519
0.659209938621123,-2.75380388016835
-5.98590942997903,0.0546366623549705
-0.271761559124648,-2.22435469663783
-5.43980235157722,0.621770576406834
-0.77915705047986,-0.978599793137861
1.54566352613496,0.0707581216657784
-6.03761113403733,-1.80147733213561
7.85619018176393,-3.29493158204904
0.784694705018853,0.36388744575868
-1.91582446026294,-0.13322730707956
-2.86633473759543,-2.22561595172613
-0.507831379758114,-1.49177067536741
-6.23620492937281,0.199214116639503
-4.27467321812314,1.44456523832381
4.19822703163328,-0.344436504747448
-0.0383275293004839,0.257806076642438
-0.258138808371489,-1.63255503528494
0.225353480488831,-0.222293083006048
-7.48385042241883,0.198515030556838
-0.888659589806937,-2.83743324622498
0.104831971413356,-1.30496029430195
-7.98831168409098,0.528182329095259
-3.06423190729706,1.12051763868964
1.06454848057707,-2.4506298574006
6.19844174684961,-3.04565623274074
0.370180985950144,-1.8682766995683
-0.43018640213207,-1.4151541020464
3.66695046636052,-0.380401946357767
-0.316961390135355,-1.25429085261282
2.39822343711264,-0.412120381466777
0.724247427188931,-2.94653358662297
-0.100784671359758,-2.2610998932494
-4.67017854173285,-0.446419127133955
-3.79894311108847,-0.802881583877785
1.6775486662568,0.736051951327941
-1.20878133480634,-2.6914396843558
-6.29719218289411,1.64158701041308
2.4832689503089,-0.808533124609698
2.25762422446649,-0.877614988635024
0.0757769926601943,0.251400859939988
-0.577290895050094,-0.520774311179624
0.148867140094495,-2.13698197919369
0.56153111340307,-1.62199824612843
-6.0002197017328,-0.378390861595856
-0.636525708816276,-2.704782933263
1.07417012091867,-1.99557840889242
1.06789937247376,0.342514559092398
5.18159473263178,-1.71776891984759
0.10046157763076,-1.97620207271854
-5.28401508351853,-1.06276730521891
-5.01254875925716,0.120131600783646
-7.13377818906269,-1.64745762474492
1.91172026258107,0.163521851196454
-3.57441619410632,0.647491673170056
1.1689977175848,0.51875082026999
2.81874976416771,-1.05580888594577
-1.34118127259725,1.26777361342224
-3.50743486984321,0.0641714481193759
-0.58487148481158,-1.17823146722034
0.0370448216217268,-2.08586792728828
1.58142090896143,0.0148204453113912
-3.8283104938442,0.487461375528566
1.41075079752687,0.231702245943684
0.422443611559273,-1.48011480117607
-5.68198276933958,-0.582350076713876
3.33963261503858,0.233413757969166
0.707058110298663,-1.42100849826213
-5.09227792757897,-2.53639278308816
-4.39917632161413,1.17350290430023
-4.05380157289771,-0.967175610515243
-6.09496808742118,-0.425273209147057
-0.954267743608587,-3.12135306108991
-2.17327394312276,-0.720561449268389
-0.503729184754497,-3.43193319611389
-1.87932945957012,3.23124459670159
-4.41005707953711,0.302635143327524
2.95196887302009,-0.650198690963761
2.49538583770174,0.0879875542755155
0.278161590883231,-1.61043439206111
0.0117953254611582,-0.552503517828636
1.73508687726319,-0.027419837915784
0.262051659796821,-1.76859702936952
0.88605389679696,-3.2647773552264
0.193786307070978,-1.08118498312838
-5.94028303304204,-0.15228951765104
3.86797243799821,-1.5048284936939
-1.7688759852125,1.70477915270432
-0.445920280159702,-2.22155400569868
-1.17263512034817,-2.71189183275311
-0.411165967591378,0.655228649560767
0.0974860563082816,-2.19514760841036
-0.442503145522725,-1.04326142645414
-0.828143826772309,-1.51756486223556
-5.16362813559584,-0.681835492124427
4.85051875225553,-2.26145686299528
0.395418873385907,-2.37235190089837
-4.33169325266845,-1.2436631641753
-0.602913172810617,-1.18721927713184
-4.55376715615473,-0.947353636891611
2.25044204852301,-0.0272852859904603
5.1497110798206,-1.29208452661462
-2.70102157550252,0.189889595547614
-1.56718163400303,-0.468678428235807
0.596602017608332,-2.23448232609337
-3.32656692209902,-1.87223262899777
-6.07969616501451,0.683974632842784
0.170342290747842,1.63494670915285
-6.86665123615218,-0.664268258698637
5.34126750955235,-2.01435959120549
-3.39533155712272,0.07809127138257
-8.04104543248238,1.63044281924974
0.350738589491825,-0.768917548494099
-1.72682429910122,0.538942091076811
2.79419535810084,-1.23836687201335
0.197017331696016,-2.51378109117545
2.32452097460108,0.158755010464252
4.97976509066916,-1.39009059747173
-5.58093883313592,0.217909402657324
0.178502652675617,-2.34903899121884
-5.19732605782877,-0.858208349754629
4.21150175245616,-1.15556114988869
0.0866832523065862,-4.53457881123367
-1.24177004416051,-1.5771471209534
1.04879733048289,1.27057184367833
2.69761464428582,-0.782781023070945
0.281201450846009,-0.263971156982778
-5.02191968315846,0.250770956981894
-6.99142683386675,0.930514919707535
-4.17242612816732,-1.04469710648512
0.59903494744428,-1.55352499725777
-1.03377024391542,1.25468900143629
-0.403891319086689,-3.07319980729283
-4.94167558994805,0.074658779942361
0.615707402186483,1.15611126874724
0.0403386981509596,-2.02302695802146
