0.000000 0.000000
0.025000 0.001743
0.075000 0.003486
0.125000 0.005228
0.175000 0.006970
0.225000 0.008710
0.275000 0.010449
0.325000 0.012186
0.375000 0.013921
0.425000 0.015654
0.475000 0.017385
0.525000 0.019112
0.575000 0.020837
0.625000 0.022558
0.675000 0.024275
0.725000 0.025988
0.775000 0.027697
0.825000 0.029401
0.875000 0.031100
0.925000 0.032794
0.975000 0.034482
1.025000 0.036164
1.075000 0.037840
1.125000 0.039510
1.175000 0.041172
1.225000 0.042828
1.275000 0.044475
1.325000 0.046115
1.375000 0.047746
1.425000 0.049369
1.475000 0.050982
1.525000 0.052587
1.575000 0.054181
1.625000 0.055765
1.675000 0.057339
1.725000 0.058902
1.775000 0.060453
1.825000 0.061993
1.875000 0.063521
1.925000 0.065036
1.975000 0.066538
2.025000 0.068027
2.075000 0.069502
2.125000 0.070963
2.175000 0.072410
2.225000 0.073841
2.275000 0.075257
2.325000 0.076658
2.375000 0.078042
2.425000 0.079409
2.475000 0.080760
2.525000 0.082093
2.575000 0.083408
2.625000 0.084704
2.675000 0.085982
2.725000 0.087240
2.775000 0.088479
2.825000 0.089698
2.875000 0.090896
2.925000 0.092073
2.975000 0.093229
3.025000 0.094363
3.075000 0.095475
3.125000 0.096565
3.175000 0.097631
3.225000 0.098674
3.275000 0.099693
3.325000 0.100688
3.375000 0.101658
3.425000 0.102603
3.475000 0.103523
3.525000 0.104418
3.575000 0.105286
3.625000 0.106128
3.675000 0.106942
3.725000 0.107730
3.775000 0.108491
3.825000 0.109223
3.875000 0.109928
3.925000 0.110604
3.975000 0.111252
4.025000 0.111870
4.075000 0.112459
4.125000 0.113019
4.175000 0.113549
4.225000 0.114050
4.275000 0.114520
4.325000 0.114959
4.375000 0.115368
4.425000 0.115747
4.475000 0.116094
4.525000 0.116411
4.575000 0.116696
4.625000 0.116949
4.675000 0.117172
4.725000 0.117362
4.775000 0.117522
4.825000 0.117649
4.875000 0.117744
4.925000 0.117808
4.975000 0.117840
5.025000 0.117840
5.075000 0.117808
5.125000 0.117744
5.175000 0.117649
5.225000 0.117522
5.275000 0.117362
5.325000 0.117172
5.375000 0.116949
5.425000 0.116696
5.475000 0.116411
5.525000 0.116094
5.575000 0.115747
5.625000 0.115368
5.675000 0.114959
5.725000 0.114520
5.775000 0.114050
5.825000 0.113549
5.875000 0.113019
5.925000 0.112459
5.975000 0.111870
6.025000 0.111252
6.075000 0.110604
6.125000 0.109928
6.175000 0.109223
6.225000 0.108491
6.275000 0.107730
6.325000 0.106942
6.375000 0.106128
6.425000 0.105286
6.475000 0.104418
6.525000 0.103523
6.575000 0.102603
6.625000 0.101658
6.675000 0.100688
6.725000 0.099693
6.775000 0.098674
6.825000 0.097631
6.875000 0.096565
6.925000 0.095475
6.975000 0.094363
7.025000 0.093229
7.075000 0.092073
7.125000 0.090896
7.175000 0.089698
7.225000 0.088479
7.275000 0.087240
7.325000 0.085982
7.375000 0.084704
7.425000 0.083408
7.475000 0.082093
7.525000 0.080760
7.575000 0.079409
7.625000 0.078042
7.675000 0.076658
7.725000 0.075257
7.775000 0.073841
7.825000 0.072410
7.875000 0.070963
7.925000 0.069502
7.975000 0.068027
8.025000 0.066538
8.075000 0.065036
8.125000 0.063521
8.175000 0.061993
8.225000 0.060453
8.275000 0.058902
8.325000 0.057339
8.375000 0.055765
8.425000 0.054181
8.475000 0.052587
8.525000 0.050982
8.575000 0.049369
8.625000 0.047746
8.675000 0.046115
8.725000 0.044475
8.775000 0.042828
8.825000 0.041172
8.875000 0.039510
8.925000 0.037840
8.975000 0.036164
9.025000 0.034482
9.075000 0.032794
9.125000 0.031100
9.175000 0.029401
9.225000 0.027697
9.275000 0.025988
9.325000 0.024275
9.375000 0.022558
9.425000 0.020837
9.475000 0.019112
9.525000 0.017385
9.575000 0.015654
9.625000 0.013921
9.675000 0.012186
9.725000 0.010449
9.775000 0.008710
9.825000 0.006970
9.875000 0.005228
9.925000 0.003486
9.975000 0.001743
10.000000 0.000000