0.000000 0.000000
0.025000 0.001783
0.075000 0.003566
0.125000 0.005350
0.175000 0.007135
0.225000 0.008921
0.275000 0.010710
0.325000 0.012500
0.375000 0.014294
0.425000 0.016090
0.475000 0.017889
0.525000 0.019693
0.575000 0.021499
0.625000 0.023310
0.675000 0.025126
0.725000 0.026946
0.775000 0.028771
0.825000 0.030600
0.875000 0.032435
0.925000 0.034275
0.975000 0.036121
1.025000 0.037972
1.075000 0.039828
1.125000 0.041689
1.175000 0.043557
1.225000 0.045429
1.275000 0.047306
1.325000 0.049189
1.375000 0.051076
1.425000 0.052969
1.475000 0.054865
1.525000 0.056766
1.575000 0.058670
1.625000 0.060578
1.675000 0.062489
1.725000 0.064402
1.775000 0.066317
1.825000 0.068234
1.875000 0.070152
1.925000 0.072070
1.975000 0.073988
2.025000 0.075905
2.075000 0.077820
2.125000 0.079732
2.175000 0.081642
2.225000 0.083547
2.275000 0.085447
2.325000 0.087342
2.375000 0.089230
2.425000 0.091110
2.475000 0.092981
2.525000 0.094842
2.575000 0.096693
2.625000 0.098532
2.675000 0.100358
2.725000 0.102169
2.775000 0.103966
2.825000 0.105746
2.875000 0.107509
2.925000 0.109253
2.975000 0.110977
3.025000 0.112680
3.075000 0.114361
3.125000 0.116018
3.175000 0.117650
3.225000 0.119257
3.275000 0.120836
3.325000 0.122386
3.375000 0.123907
3.425000 0.125397
3.475000 0.126855
3.525000 0.128280
3.575000 0.129670
3.625000 0.131024
3.675000 0.132342
3.725000 0.133621
3.775000 0.134861
3.825000 0.136061
3.875000 0.137220
3.925000 0.138337
3.975000 0.139410
4.025000 0.140439
4.075000 0.141423
4.125000 0.142360
4.175000 0.143251
4.225000 0.144093
4.275000 0.144887
4.325000 0.145632
4.375000 0.146326
4.425000 0.146970
4.475000 0.147562
4.525000 0.148102
4.575000 0.148590
4.625000 0.149025
4.675000 0.149406
4.725000 0.149734
4.775000 0.150007
4.825000 0.150226
4.875000 0.150391
4.925000 0.150501
4.975000 0.150556
5.025000 0.150556
5.075000 0.150501
5.125000 0.150391
5.175000 0.150226
5.225000 0.150007
5.275000 0.149734
5.325000 0.149406
5.375000 0.149025
5.425000 0.148590
5.475000 0.148102
5.525000 0.147562
5.575000 0.146970
5.625000 0.146326
5.675000 0.145632
5.725000 0.144887
5.775000 0.144093
5.825000 0.143251
5.875000 0.142360
5.925000 0.141423
5.975000 0.140439
6.025000 0.139410
6.075000 0.138337
6.125000 0.137220
6.175000 0.136061
6.225000 0.134861
6.275000 0.133621
6.325000 0.132342
6.375000 0.131024
6.425000 0.129670
6.475000 0.128280
6.525000 0.126855
6.575000 0.125397
6.625000 0.123907
6.675000 0.122386
6.725000 0.120836
6.775000 0.119257
6.825000 0.117650
6.875000 0.116018
6.925000 0.114361
6.975000 0.112680
7.025000 0.110977
7.075000 0.109253
7.125000 0.107509
7.175000 0.105746
7.225000 0.103966
7.275000 0.102169
7.325000 0.100358
7.375000 0.098532
7.425000 0.096693
7.475000 0.094842
7.525000 0.092981
7.575000 0.091110
7.625000 0.089230
7.675000 0.087342
7.725000 0.085447
7.775000 0.083547
7.825000 0.081642
7.875000 0.079732
7.925000 0.077820
7.975000 0.075905
8.025000 0.073988
8.075000 0.072070
8.125000 0.070152
8.175000 0.068234
8.225000 0.066317
8.275000 0.064402
8.325000 0.062489
8.375000 0.060578
8.425000 0.058670
8.475000 0.056766
8.525000 0.054865
8.575000 0.052969
8.625000 0.051076
8.675000 0.049189
8.725000 0.047306
8.775000 0.045429
8.825000 0.043557
8.875000 0.041689
8.925000 0.039828
8.975000 0.037972
9.025000 0.036121
9.075000 0.034275
9.125000 0.032435
9.175000 0.030600
9.225000 0.028771
9.275000 0.026946
9.325000 0.025126
9.375000 0.023310
9.425000 0.021499
9.475000 0.019693
9.525000 0.017889
9.575000 0.016090
9.625000 0.014294
9.675000 0.012500
9.725000 0.010710
9.775000 0.008921
9.825000 0.007135
9.875000 0.005350
9.925000 0.003566
9.975000 0.001783
10.000000 0.000000