0.000000 0.000000
0.025000 0.001826
0.075000 0.003651
0.125000 0.005476
0.175000 0.007301
0.225000 0.009126
0.275000 0.010950
0.325000 0.012773
0.375000 0.014596
0.425000 0.016418
0.475000 0.018239
0.525000 0.020059
0.575000 0.021877
0.625000 0.023694
0.675000 0.025510
0.725000 0.027324
0.775000 0.029136
0.825000 0.030946
0.875000 0.032753
0.925000 0.034559
0.975000 0.036361
1.025000 0.038161
1.075000 0.039957
1.125000 0.041750
1.175000 0.043540
1.225000 0.045325
1.275000 0.047106
1.325000 0.048883
1.375000 0.050655
1.425000 0.052421
1.475000 0.054182
1.525000 0.055937
1.575000 0.057686
1.625000 0.059428
1.675000 0.061163
1.725000 0.062891
1.775000 0.064610
1.825000 0.066322
1.875000 0.068024
1.925000 0.069717
1.975000 0.071400
2.025000 0.073073
2.075000 0.074734
2.125000 0.076385
2.175000 0.078023
2.225000 0.079649
2.275000 0.081262
2.325000 0.082862
2.375000 0.084447
2.425000 0.086017
2.475000 0.087572
2.525000 0.089110
2.575000 0.090632
2.625000 0.092137
2.675000 0.093624
2.725000 0.095092
2.775000 0.096541
2.825000 0.097970
2.875000 0.099378
2.925000 0.100766
2.975000 0.102131
3.025000 0.103474
3.075000 0.104793
3.125000 0.106089
3.175000 0.107360
3.225000 0.108607
3.275000 0.109827
3.325000 0.111021
3.375000 0.112187
3.425000 0.113326
3.475000 0.114437
3.525000 0.115519
3.575000 0.116571
3.625000 0.117592
3.675000 0.118584
3.725000 0.119543
3.775000 0.120471
3.825000 0.121366
3.875000 0.122229
3.925000 0.123058
3.975000 0.123852
4.025000 0.124613
4.075000 0.125338
4.125000 0.126028
4.175000 0.126682
4.225000 0.127300
4.275000 0.127881
4.325000 0.128425
4.375000 0.128931
4.425000 0.129400
4.475000 0.129831
4.525000 0.130224
4.575000 0.130578
4.625000 0.130894
4.675000 0.131170
4.725000 0.131407
4.775000 0.131605
4.825000 0.131764
4.875000 0.131883
4.925000 0.131962
4.975000 0.132002
5.025000 0.132002
5.075000 0.131962
5.125000 0.131883
5.175000 0.131764
5.225000 0.131605
5.275000 0.131407
5.325000 0.131170
5.375000 0.130894
5.425000 0.130578
5.475000 0.130224
5.525000 0.129831
5.575000 0.129400
5.625000 0.128931
5.675000 0.128425
5.725000 0.127881
5.775000 0.127300
5.825000 0.126682
5.875000 0.126028
5.925000 0.125338
5.975000 0.124613
6.025000 0.123852
6.075000 0.123058
6.125000 0.122229
6.175000 0.121366
6.225000 0.120471
6.275000 0.119543
6.325000 0.118584
6.375000 0.117592
6.425000 0.116571
6.475000 0.115519
6.525000 0.114437
6.575000 0.113326
6.625000 0.112187
6.675000 0.111021
6.725000 0.109827
6.775000 0.108607
6.825000 0.107360
6.875000 0.106089
6.925000 0.104793
6.975000 0.103474
7.025000 0.102131
7.075000 0.100766
7.125000 0.099378
7.175000 0.097970
7.225000 0.096541
7.275000 0.095092
7.325000 0.093624
7.375000 0.092137
7.425000 0.090632
7.475000 0.089110
7.525000 0.087572
7.575000 0.086017
7.625000 0.084447
7.675000 0.082862
7.725000 0.081262
7.775000 0.079649
7.825000 0.078023
7.875000 0.076385
7.925000 0.074734
7.975000 0.073073
8.025000 0.071400
8.075000 0.069717
8.125000 0.068024
8.175000 0.066322
8.225000 0.064610
8.275000 0.062891
8.325000 0.061163
8.375000 0.059428
8.425000 0.057686
8.475000 0.055937
8.525000 0.054182
8.575000 0.052421
8.625000 0.050655
8.675000 0.048883
8.725000 0.047106
8.775000 0.045325
8.825000 0.043540
8.875000 0.041750
8.925000 0.039957
8.975000 0.038161
9.025000 0.036361
9.075000 0.034559
9.125000 0.032753
9.175000 0.030946
9.225000 0.029136
9.275000 0.027324
9.325000 0.025510
9.375000 0.023694
9.425000 0.021877
9.475000 0.020059
9.525000 0.018239
9.575000 0.016418
9.625000 0.014596
9.675000 0.012773
9.725000 0.010950
9.775000 0.009126
9.825000 0.007301
9.875000 0.005476
9.925000 0.003651
9.975000 0.001826
10.000000 0.000000