0.000000 0.000000
0.025000 0.000574
0.075000 0.001151
0.125000 0.001734
0.175000 0.002324
0.225000 0.002924
0.275000 0.003537
0.325000 0.004166
0.375000 0.004813
0.425000 0.005481
0.475000 0.006172
0.525000 0.006889
0.575000 0.007635
0.625000 0.008411
0.675000 0.009222
0.725000 0.010069
0.775000 0.010955
0.825000 0.011882
0.875000 0.012854
0.925000 0.013872
0.975000 0.014940
1.025000 0.016059
1.075000 0.017233
1.125000 0.018463
1.175000 0.019752
1.225000 0.021102
1.275000 0.022516
1.325000 0.023996
1.375000 0.025544
1.425000 0.027162
1.475000 0.028852
1.525000 0.030616
1.575000 0.032455
1.625000 0.034372
1.675000 0.036367
1.725000 0.038443
1.775000 0.040600
1.825000 0.042840
1.875000 0.045163
1.925000 0.047570
1.975000 0.050061
2.025000 0.052637
2.075000 0.055299
2.125000 0.058044
2.175000 0.060874
2.225000 0.063788
2.275000 0.066785
2.325000 0.069863
2.375000 0.073022
2.425000 0.076259
2.475000 0.079573
2.525000 0.082961
2.575000 0.086421
2.625000 0.089950
2.675000 0.093545
2.725000 0.097202
2.775000 0.100917
2.825000 0.104687
2.875000 0.108507
2.925000 0.112373
2.975000 0.116280
3.025000 0.120221
3.075000 0.124193
3.125000 0.128189
3.175000 0.132204
3.225000 0.136230
3.275000 0.140262
3.325000 0.144294
3.375000 0.148317
3.425000 0.152325
3.475000 0.156312
3.525000 0.160269
3.575000 0.164190
3.625000 0.168066
3.675000 0.171890
3.725000 0.175655
3.775000 0.179353
3.825000 0.182977
3.875000 0.186518
3.925000 0.189969
3.975000 0.193323
4.025000 0.196572
4.075000 0.199709
4.125000 0.202727
4.175000 0.205620
4.225000 0.208380
4.275000 0.211001
4.325000 0.213477
4.375000 0.215803
4.425000 0.217972
4.475000 0.219979
4.525000 0.221820
4.575000 0.223490
4.625000 0.224985
4.675000 0.226301
4.725000 0.227435
4.775000 0.228385
4.825000 0.229148
4.875000 0.229721
4.925000 0.230105
4.975000 0.230296
5.025000 0.230296
5.075000 0.230105
5.125000 0.229721
5.175000 0.229148
5.225000 0.228385
5.275000 0.227435
5.325000 0.226301
5.375000 0.224985
5.425000 0.223490
5.475000 0.221820
5.525000 0.219979
5.575000 0.217972
5.625000 0.215803
5.675000 0.213477
5.725000 0.211001
5.775000 0.208380
5.825000 0.205620
5.875000 0.202727
5.925000 0.199709
5.975000 0.196572
6.025000 0.193323
6.075000 0.189969
6.125000 0.186518
6.175000 0.182977
6.225000 0.179353
6.275000 0.175655
6.325000 0.171890
6.375000 0.168066
6.425000 0.164190
6.475000 0.160269
6.525000 0.156312
6.575000 0.152325
6.625000 0.148317
6.675000 0.144294
6.725000 0.140262
6.775000 0.136230
6.825000 0.132204
6.875000 0.128189
6.925000 0.124193
6.975000 0.120221
7.025000 0.116280
7.075000 0.112373
7.125000 0.108507
7.175000 0.104687
7.225000 0.100917
7.275000 0.097202
7.325000 0.093545
7.375000 0.089950
7.425000 0.086421
7.475000 0.082961
7.525000 0.079573
7.575000 0.076259
7.625000 0.073022
7.675000 0.069863
7.725000 0.066785
7.775000 0.063788
7.825000 0.060874
7.875000 0.058044
7.925000 0.055299
7.975000 0.052637
8.025000 0.050061
8.075000 0.047570
8.125000 0.045163
8.175000 0.042840
8.225000 0.040600
8.275000 0.038443
8.325000 0.036367
8.375000 0.034372
8.425000 0.032455
8.475000 0.030616
8.525000 0.028852
8.575000 0.027162
8.625000 0.025544
8.675000 0.023996
8.725000 0.022516
8.775000 0.021102
8.825000 0.019752
8.875000 0.018463
8.925000 0.017233
8.975000 0.016059
9.025000 0.014940
9.075000 0.013872
9.125000 0.012854
9.175000 0.011882
9.225000 0.010955
9.275000 0.010069
9.325000 0.009222
9.375000 0.008411
9.425000 0.007635
9.475000 0.006889
9.525000 0.006172
9.575000 0.005481
9.625000 0.004813
9.675000 0.004166
9.725000 0.003537
9.775000 0.002924
9.825000 0.002324
9.875000 0.001734
9.925000 0.001151
9.975000 0.000574
10.000000 0.000000