0.000000 0.000000
0.025000 0.001436
0.075000 0.002873
0.125000 0.004313
0.175000 0.005757
0.225000 0.007207
0.275000 0.008665
0.325000 0.010131
0.375000 0.011607
0.425000 0.013095
0.475000 0.014596
0.525000 0.016110
0.575000 0.017640
0.625000 0.019187
0.675000 0.020752
0.725000 0.022335
0.775000 0.023939
0.825000 0.025563
0.875000 0.027210
0.925000 0.028880
0.975000 0.030574
1.025000 0.032292
1.075000 0.034036
1.125000 0.035806
1.175000 0.037603
1.225000 0.039427
1.275000 0.041279
1.325000 0.043159
1.375000 0.045067
1.425000 0.047004
1.475000 0.048970
1.525000 0.050964
1.575000 0.052987
1.625000 0.055039
1.675000 0.057119
1.725000 0.059226
1.775000 0.061362
1.825000 0.063524
1.875000 0.065713
1.925000 0.067927
1.975000 0.070167
2.025000 0.072430
2.075000 0.074716
2.125000 0.077024
2.175000 0.079353
2.225000 0.081701
2.275000 0.084067
2.325000 0.086450
2.375000 0.088848
2.425000 0.091259
2.475000 0.093681
2.525000 0.096114
2.575000 0.098554
2.625000 0.101000
2.675000 0.103450
2.725000 0.105902
2.775000 0.108353
2.825000 0.110801
2.875000 0.113245
2.925000 0.115681
2.975000 0.118107
3.025000 0.120521
3.075000 0.122920
3.125000 0.125301
3.175000 0.127663
3.225000 0.130001
3.275000 0.132315
3.325000 0.134601
3.375000 0.136856
3.425000 0.139077
3.475000 0.141263
3.525000 0.143410
3.575000 0.145516
3.625000 0.147578
3.675000 0.149593
3.725000 0.151559
3.775000 0.153473
3.825000 0.155333
3.875000 0.157136
3.925000 0.158880
3.975000 0.160563
4.025000 0.162182
4.075000 0.163734
4.125000 0.165219
4.175000 0.166633
4.225000 0.167975
4.275000 0.169242
4.325000 0.170434
4.375000 0.171548
4.425000 0.172582
4.475000 0.173536
4.525000 0.174408
4.575000 0.175196
4.625000 0.175899
4.675000 0.176517
4.725000 0.177049
4.775000 0.177493
4.825000 0.177849
4.875000 0.178116
4.925000 0.178295
4.975000 0.178384
5.025000 0.178384
5.075000 0.178295
5.125000 0.178116
5.175000 0.177849
5.225000 0.177493
5.275000 0.177049
5.325000 0.176517
5.375000 0.175899
5.425000 0.175196
5.475000 0.174408
5.525000 0.173536
5.575000 0.172582
5.625000 0.171548
5.675000 0.170434
5.725000 0.169242
5.775000 0.167975
5.825000 0.166633
5.875000 0.165219
5.925000 0.163734
5.975000 0.162182
6.025000 0.160563
6.075000 0.158880
6.125000 0.157136
6.175000 0.155333
6.225000 0.153473
6.275000 0.151559
6.325000 0.149593
6.375000 0.147578
6.425000 0.145516
6.475000 0.143410
6.525000 0.141263
6.575000 0.139077
6.625000 0.136856
6.675000 0.134601
6.725000 0.132315
6.775000 0.130001
6.825000 0.127663
6.875000 0.125301
6.925000 0.122920
6.975000 0.120521
7.025000 0.118107
7.075000 0.115681
7.125000 0.113245
7.175000 0.110801
7.225000 0.108353
7.275000 0.105902
7.325000 0.103450
7.375000 0.101000
7.425000 0.098554
7.475000 0.096114
7.525000 0.093681
7.575000 0.091259
7.625000 0.088848
7.675000 0.086450
7.725000 0.084067
7.775000 0.081701
7.825000 0.079353
7.875000 0.077024
7.925000 0.074716
7.975000 0.072430
8.025000 0.070167
8.075000 0.067927
8.125000 0.065713
8.175000 0.063524
8.225000 0.061362
8.275000 0.059226
8.325000 0.057119
8.375000 0.055039
8.425000 0.052987
8.475000 0.050964
8.525000 0.048970
8.575000 0.047004
8.625000 0.045067
8.675000 0.043159
8.725000 0.041279
8.775000 0.039427
8.825000 0.037603
8.875000 0.035806
8.925000 0.034036
8.975000 0.032292
9.025000 0.030574
9.075000 0.028880
9.125000 0.027210
9.175000 0.025563
9.225000 0.023939
9.275000 0.022335
9.325000 0.020752
9.375000 0.019187
9.425000 0.017640
9.475000 0.016110
9.525000 0.014596
9.575000 0.013095
9.625000 0.011607
9.675000 0.010131
9.725000 0.008665
9.775000 0.007207
9.825000 0.005757
9.875000 0.004313
9.925000 0.002873
9.975000 0.001436
10.000000 0.000000