0.000000 0.077230
0.025000 0.077230
0.075000 0.077253
0.125000 0.077297
0.175000 0.077364
0.225000 0.077454
0.275000 0.077565
0.325000 0.077698
0.375000 0.077854
0.425000 0.078031
0.475000 0.078230
0.525000 0.078450
0.575000 0.078691
0.625000 0.078954
0.675000 0.079237
0.725000 0.079540
0.775000 0.079863
0.825000 0.080207
0.875000 0.080570
0.925000 0.080952
0.975000 0.081352
1.025000 0.081771
1.075000 0.082209
1.125000 0.082663
1.175000 0.083135
1.225000 0.083623
1.275000 0.084128
1.325000 0.084648
1.375000 0.085183
1.425000 0.085733
1.475000 0.086297
1.525000 0.086875
1.575000 0.087465
1.625000 0.088068
1.675000 0.088683
1.725000 0.089309
1.775000 0.089946
1.825000 0.090592
1.875000 0.091248
1.925000 0.091913
1.975000 0.092586
2.025000 0.093266
2.075000 0.093953
2.125000 0.094646
2.175000 0.095344
2.225000 0.096047
2.275000 0.096754
2.325000 0.097464
2.375000 0.098177
2.425000 0.098892
2.475000 0.099608
2.525000 0.100324
2.575000 0.101041
2.625000 0.101756
2.675000 0.102470
2.725000 0.103181
2.775000 0.103889
2.825000 0.104594
2.875000 0.105294
2.925000 0.105989
2.975000 0.106678
3.025000 0.107361
3.075000 0.108036
3.125000 0.108704
3.175000 0.109363
3.225000 0.110013
3.275000 0.110653
3.325000 0.111282
3.375000 0.111901
3.425000 0.112508
3.475000 0.113102
3.525000 0.113684
3.575000 0.114252
3.625000 0.114806
3.675000 0.115346
3.725000 0.115870
3.775000 0.116379
3.825000 0.116871
3.875000 0.117347
3.925000 0.117806
3.975000 0.118247
4.025000 0.118670
4.075000 0.119075
4.125000 0.119461
4.175000 0.119828
4.225000 0.120175
4.275000 0.120501
4.325000 0.120808
4.375000 0.121094
4.425000 0.121359
4.475000 0.121604
4.525000 0.121826
4.575000 0.122027
4.625000 0.122206
4.675000 0.122364
4.725000 0.122499
4.775000 0.122611
4.825000 0.122702
4.875000 0.122770
4.925000 0.122815
4.975000 0.122837
5.025000 0.122837
5.075000 0.122815
5.125000 0.122770
5.175000 0.122702
5.225000 0.122611
5.275000 0.122499
5.325000 0.122364
5.375000 0.122206
5.425000 0.122027
5.475000 0.121826
5.525000 0.121604
5.575000 0.121359
5.625000 0.121094
5.675000 0.120808
5.725000 0.120501
5.775000 0.120175
5.825000 0.119828
5.875000 0.119461
5.925000 0.119075
5.975000 0.118670
6.025000 0.118247
6.075000 0.117806
6.125000 0.117347
6.175000 0.116871
6.225000 0.116379
6.275000 0.115870
6.325000 0.115346
6.375000 0.114806
6.425000 0.114252
6.475000 0.113684
6.525000 0.113102
6.575000 0.112508
6.625000 0.111901
6.675000 0.111282
6.725000 0.110653
6.775000 0.110013
6.825000 0.109363
6.875000 0.108704
6.925000 0.108036
6.975000 0.107361
7.025000 0.106678
7.075000 0.105989
7.125000 0.105294
7.175000 0.104594
7.225000 0.103889
7.275000 0.103181
7.325000 0.102470
7.375000 0.101756
7.425000 0.101041
7.475000 0.100324
7.525000 0.099608
7.575000 0.098892
7.625000 0.098177
7.675000 0.097464
7.725000 0.096754
7.775000 0.096047
7.825000 0.095344
7.875000 0.094646
7.925000 0.093953
7.975000 0.093266
8.025000 0.092586
8.075000 0.091913
8.125000 0.091248
8.175000 0.090592
8.225000 0.089946
8.275000 0.089309
8.325000 0.088683
8.375000 0.088068
8.425000 0.087465
8.475000 0.086875
8.525000 0.086297
8.575000 0.085733
8.625000 0.085183
8.675000 0.084648
8.725000 0.084128
8.775000 0.083623
8.825000 0.083135
8.875000 0.082663
8.925000 0.082209
8.975000 0.081771
9.025000 0.081352
9.075000 0.080952
9.125000 0.080570
9.175000 0.080207
9.225000 0.079863
9.275000 0.079540
9.325000 0.079237
9.375000 0.078954
9.425000 0.078691
9.475000 0.078450
9.525000 0.078230
9.575000 0.078031
9.625000 0.077854
9.675000 0.077698
9.725000 0.077565
9.775000 0.077454
9.825000 0.077364
9.875000 0.077297
9.925000 0.077253
9.975000 0.077230
10.000000 0.077230