0.000000 0.050575
0.025000 0.050575
0.075000 0.050621
0.125000 0.050714
0.175000 0.050853
0.225000 0.051038
0.275000 0.051270
0.325000 0.051547
0.375000 0.051870
0.425000 0.052238
0.475000 0.052652
0.525000 0.053110
0.575000 0.053613
0.625000 0.054159
0.675000 0.054750
0.725000 0.055383
0.775000 0.056059
0.825000 0.056777
0.875000 0.057536
0.925000 0.058337
0.975000 0.059177
1.025000 0.060057
1.075000 0.060976
1.125000 0.061932
1.175000 0.062926
1.225000 0.063956
1.275000 0.065022
1.325000 0.066122
1.375000 0.067256
1.425000 0.068423
1.475000 0.069621
1.525000 0.070850
1.575000 0.072109
1.625000 0.073396
1.675000 0.074710
1.725000 0.076051
1.775000 0.077416
1.825000 0.078805
1.875000 0.080217
1.925000 0.081649
1.975000 0.083102
2.025000 0.084573
2.075000 0.086062
2.125000 0.087566
2.175000 0.089084
2.225000 0.090616
2.275000 0.092159
2.325000 0.093711
2.375000 0.095273
2.425000 0.096841
2.475000 0.098415
2.525000 0.099993
2.575000 0.101573
2.625000 0.103154
2.675000 0.104734
2.725000 0.106312
2.775000 0.107886
2.825000 0.109454
2.875000 0.111015
2.925000 0.112567
2.975000 0.114109
3.025000 0.115639
3.075000 0.117156
3.125000 0.118657
3.175000 0.120142
3.225000 0.121608
3.275000 0.123054
3.325000 0.124479
3.375000 0.125881
3.425000 0.127258
3.475000 0.128610
3.525000 0.129934
3.575000 0.131229
3.625000 0.132494
3.675000 0.133728
3.725000 0.134928
3.775000 0.136094
3.825000 0.137224
3.875000 0.138317
3.925000 0.139372
3.975000 0.140387
4.025000 0.141362
4.075000 0.142296
4.125000 0.143187
4.175000 0.144034
4.225000 0.144836
4.275000 0.145593
4.325000 0.146304
4.375000 0.146967
4.425000 0.147582
4.475000 0.148148
4.525000 0.148665
4.575000 0.149132
4.625000 0.149549
4.675000 0.149915
4.725000 0.150229
4.775000 0.150491
4.825000 0.150701
4.875000 0.150859
4.925000 0.150964
4.975000 0.151017
5.025000 0.151017
5.075000 0.150964
5.125000 0.150859
5.175000 0.150701
5.225000 0.150491
5.275000 0.150229
5.325000 0.149915
5.375000 0.149549
5.425000 0.149132
5.475000 0.148665
5.525000 0.148148
5.575000 0.147582
5.625000 0.146967
5.675000 0.146304
5.725000 0.145593
5.775000 0.144836
5.825000 0.144034
5.875000 0.143187
5.925000 0.142296
5.975000 0.141362
6.025000 0.140387
6.075000 0.139372
6.125000 0.138317
6.175000 0.137224
6.225000 0.136094
6.275000 0.134928
6.325000 0.133728
6.375000 0.132494
6.425000 0.131229
6.475000 0.129934
6.525000 0.128610
6.575000 0.127258
6.625000 0.125881
6.675000 0.124479
6.725000 0.123054
6.775000 0.121608
6.825000 0.120142
6.875000 0.118657
6.925000 0.117156
6.975000 0.115639
7.025000 0.114109
7.075000 0.112567
7.125000 0.111015
7.175000 0.109454
7.225000 0.107886
7.275000 0.106312
7.325000 0.104734
7.375000 0.103154
7.425000 0.101573
7.475000 0.099993
7.525000 0.098415
7.575000 0.096841
7.625000 0.095273
7.675000 0.093711
7.725000 0.092159
7.775000 0.090616
7.825000 0.089084
7.875000 0.087566
7.925000 0.086062
7.975000 0.084573
8.025000 0.083102
8.075000 0.081649
8.125000 0.080217
8.175000 0.078805
8.225000 0.077416
8.275000 0.076051
8.325000 0.074710
8.375000 0.073396
8.425000 0.072109
8.475000 0.070850
8.525000 0.069621
8.575000 0.068423
8.625000 0.067256
8.675000 0.066122
8.725000 0.065022
8.775000 0.063956
8.825000 0.062926
8.875000 0.061932
8.925000 0.060976
8.975000 0.060057
9.025000 0.059177
9.075000 0.058337
9.125000 0.057536
9.175000 0.056777
9.225000 0.056059
9.275000 0.055383
9.325000 0.054750
9.375000 0.054159
9.425000 0.053613
9.475000 0.053110
9.525000 0.052652
9.575000 0.052238
9.625000 0.051870
9.675000 0.051547
9.725000 0.051270
9.775000 0.051038
9.825000 0.050853
9.875000 0.050714
9.925000 0.050621
9.975000 0.050575
10.000000 0.050575