0.000000 0.029303
0.025000 0.029303
0.075000 0.029362
0.125000 0.029479
0.175000 0.029655
0.225000 0.029889
0.275000 0.030181
0.325000 0.030532
0.375000 0.030941
0.425000 0.031409
0.475000 0.031934
0.525000 0.032517
0.575000 0.033158
0.625000 0.033856
0.675000 0.034612
0.725000 0.035424
0.775000 0.036294
0.825000 0.037220
0.875000 0.038202
0.925000 0.039239
0.975000 0.040333
1.025000 0.041481
1.075000 0.042683
1.125000 0.043940
1.175000 0.045250
1.225000 0.046613
1.275000 0.048028
1.325000 0.049494
1.375000 0.051012
1.425000 0.052579
1.475000 0.054195
1.525000 0.055860
1.575000 0.057571
1.625000 0.059329
1.675000 0.061132
1.725000 0.062979
1.775000 0.064869
1.825000 0.066800
1.875000 0.068771
1.925000 0.070781
1.975000 0.072828
2.025000 0.074911
2.075000 0.077028
2.125000 0.079177
2.175000 0.081357
2.225000 0.083566
2.275000 0.085801
2.325000 0.088062
2.375000 0.090345
2.425000 0.092649
2.475000 0.094971
2.525000 0.097310
2.575000 0.099663
2.625000 0.102028
2.675000 0.104402
2.725000 0.106783
2.775000 0.109168
2.825000 0.111556
2.875000 0.113942
2.925000 0.116325
2.975000 0.118702
3.025000 0.121070
3.075000 0.123426
3.125000 0.125768
3.175000 0.128093
3.225000 0.130398
3.275000 0.132680
3.325000 0.134937
3.375000 0.137165
3.425000 0.139362
3.475000 0.141524
3.525000 0.143650
3.575000 0.145736
3.625000 0.147780
3.675000 0.149779
3.725000 0.151729
3.775000 0.153630
3.825000 0.155477
3.875000 0.157268
3.925000 0.159001
3.975000 0.160674
4.025000 0.162283
4.075000 0.163827
4.125000 0.165304
4.175000 0.166711
4.225000 0.168047
4.275000 0.169309
4.325000 0.170495
4.375000 0.171604
4.425000 0.172635
4.475000 0.173585
4.525000 0.174453
4.575000 0.175238
4.625000 0.175939
4.675000 0.176555
4.725000 0.177084
4.775000 0.177527
4.825000 0.177881
4.875000 0.178148
4.925000 0.178326
4.975000 0.178415
5.025000 0.178415
5.075000 0.178326
5.125000 0.178148
5.175000 0.177881
5.225000 0.177527
5.275000 0.177084
5.325000 0.176555
5.375000 0.175939
5.425000 0.175238
5.475000 0.174453
5.525000 0.173585
5.575000 0.172635
5.625000 0.171604
5.675000 0.170495
5.725000 0.169309
5.775000 0.168047
5.825000 0.166711
5.875000 0.165304
5.925000 0.163827
5.975000 0.162283
6.025000 0.160674
6.075000 0.159001
6.125000 0.157268
6.175000 0.155477
6.225000 0.153630
6.275000 0.151729
6.325000 0.149779
6.375000 0.147780
6.425000 0.145736
6.475000 0.143650
6.525000 0.141524
6.575000 0.139362
6.625000 0.137165
6.675000 0.134937
6.725000 0.132680
6.775000 0.130398
6.825000 0.128093
6.875000 0.125768
6.925000 0.123426
6.975000 0.121070
7.025000 0.118702
7.075000 0.116325
7.125000 0.113942
7.175000 0.111556
7.225000 0.109168
7.275000 0.106783
7.325000 0.104402
7.375000 0.102028
7.425000 0.099663
7.475000 0.097310
7.525000 0.094971
7.575000 0.092649
7.625000 0.090345
7.675000 0.088062
7.725000 0.085801
7.775000 0.083566
7.825000 0.081357
7.875000 0.079177
7.925000 0.077028
7.975000 0.074911
8.025000 0.072828
8.075000 0.070781
8.125000 0.068771
8.175000 0.066800
8.225000 0.064869
8.275000 0.062979
8.325000 0.061132
8.375000 0.059329
8.425000 0.057571
8.475000 0.055860
8.525000 0.054195
8.575000 0.052579
8.625000 0.051012
8.675000 0.049494
8.725000 0.048028
8.775000 0.046613
8.825000 0.045250
8.875000 0.043940
8.925000 0.042683
8.975000 0.041481
9.025000 0.040333
9.075000 0.039239
9.125000 0.038202
9.175000 0.037220
9.225000 0.036294
9.275000 0.035424
9.325000 0.034612
9.375000 0.033856
9.425000 0.033158
9.475000 0.032517
9.525000 0.031934
9.575000 0.031409
9.625000 0.030941
9.675000 0.030532
9.725000 0.030181
9.775000 0.029889
9.825000 0.029655
9.875000 0.029479
9.925000 0.029362
9.975000 0.029303
10.000000 0.029303