0.000000 0.066323
0.025000 0.066323
0.075000 0.066356
0.125000 0.066421
0.175000 0.066520
0.225000 0.066650
0.275000 0.066813
0.325000 0.067009
0.375000 0.067236
0.425000 0.067496
0.475000 0.067787
0.525000 0.068109
0.575000 0.068463
0.625000 0.068847
0.675000 0.069262
0.725000 0.069707
0.775000 0.070181
0.825000 0.070685
0.875000 0.071217
0.925000 0.071777
0.975000 0.072365
1.025000 0.072980
1.075000 0.073622
1.125000 0.074290
1.175000 0.074983
1.225000 0.075700
1.275000 0.076442
1.325000 0.077206
1.375000 0.077994
1.425000 0.078803
1.475000 0.079633
1.525000 0.080483
1.575000 0.081353
1.625000 0.082241
1.675000 0.083148
1.725000 0.084071
1.775000 0.085010
1.825000 0.085964
1.875000 0.086932
1.925000 0.087913
1.975000 0.088907
2.025000 0.089912
2.075000 0.090928
2.125000 0.091953
2.175000 0.092986
2.225000 0.094026
2.275000 0.095073
2.325000 0.096126
2.375000 0.097182
2.425000 0.098242
2.475000 0.099304
2.525000 0.100367
2.575000 0.101431
2.625000 0.102493
2.675000 0.103554
2.725000 0.104611
2.775000 0.105664
2.825000 0.106713
2.875000 0.107755
2.925000 0.108789
2.975000 0.109816
3.025000 0.110833
3.075000 0.111840
3.125000 0.112836
3.175000 0.113819
3.225000 0.114789
3.275000 0.115745
3.325000 0.116685
3.375000 0.117609
3.425000 0.118516
3.475000 0.119405
3.525000 0.120275
3.575000 0.121125
3.625000 0.121955
3.675000 0.122763
3.725000 0.123548
3.775000 0.124310
3.825000 0.125048
3.875000 0.125762
3.925000 0.126449
3.975000 0.127111
4.025000 0.127746
4.075000 0.128353
4.125000 0.128932
4.175000 0.129482
4.225000 0.130003
4.275000 0.130494
4.325000 0.130955
4.375000 0.131385
4.425000 0.131783
4.475000 0.132150
4.525000 0.132485
4.575000 0.132787
4.625000 0.133056
4.675000 0.133293
4.725000 0.133496
4.775000 0.133665
4.825000 0.133801
4.875000 0.133903
4.925000 0.133971
4.975000 0.134005
5.025000 0.134005
5.075000 0.133971
5.125000 0.133903
5.175000 0.133801
5.225000 0.133665
5.275000 0.133496
5.325000 0.133293
5.375000 0.133056
5.425000 0.132787
5.475000 0.132485
5.525000 0.132150
5.575000 0.131783
5.625000 0.131385
5.675000 0.130955
5.725000 0.130494
5.775000 0.130003
5.825000 0.129482
5.875000 0.128932
5.925000 0.128353
5.975000 0.127746
6.025000 0.127111
6.075000 0.126449
6.125000 0.125762
6.175000 0.125048
6.225000 0.124310
6.275000 0.123548
6.325000 0.122763
6.375000 0.121955
6.425000 0.121125
6.475000 0.120275
6.525000 0.119405
6.575000 0.118516
6.625000 0.117609
6.675000 0.116685
6.725000 0.115745
6.775000 0.114789
6.825000 0.113819
6.875000 0.112836
6.925000 0.111840
6.975000 0.110833
7.025000 0.109816
7.075000 0.108789
7.125000 0.107755
7.175000 0.106713
7.225000 0.105664
7.275000 0.104611
7.325000 0.103554
7.375000 0.102493
7.425000 0.101431
7.475000 0.100367
7.525000 0.099304
7.575000 0.098242
7.625000 0.097182
7.675000 0.096126
7.725000 0.095073
7.775000 0.094026
7.825000 0.092986
7.875000 0.091953
7.925000 0.090928
7.975000 0.089912
8.025000 0.088907
8.075000 0.087913
8.125000 0.086932
8.175000 0.085964
8.225000 0.085010
8.275000 0.084071
8.325000 0.083148
8.375000 0.082241
8.425000 0.081353
8.475000 0.080483
8.525000 0.079633
8.575000 0.078803
8.625000 0.077994
8.675000 0.077206
8.725000 0.076442
8.775000 0.075700
8.825000 0.074983
8.875000 0.074290
8.925000 0.073622
8.975000 0.072980
9.025000 0.072365
9.075000 0.071777
9.125000 0.071217
9.175000 0.070685
9.225000 0.070181
9.275000 0.069707
9.325000 0.069262
9.375000 0.068847
9.425000 0.068463
9.475000 0.068109
9.525000 0.067787
9.575000 0.067496
9.625000 0.067236
9.675000 0.067009
9.725000 0.066813
9.775000 0.066650
9.825000 0.066520
9.875000 0.066421
9.925000 0.066356
9.975000 0.066323
10.000000 0.066323