0.000000 0.007156
0.025000 0.007156
0.075000 0.007200
0.125000 0.007287
0.175000 0.007419
0.225000 0.007595
0.275000 0.007815
0.325000 0.008081
0.375000 0.008393
0.425000 0.008751
0.475000 0.009158
0.525000 0.009612
0.575000 0.010117
0.625000 0.010671
0.675000 0.011278
0.725000 0.011938
0.775000 0.012653
0.825000 0.013424
0.875000 0.014252
0.925000 0.015139
0.975000 0.016086
1.025000 0.017096
1.075000 0.018170
1.125000 0.019309
1.175000 0.020515
1.225000 0.021791
1.275000 0.023136
1.325000 0.024554
1.375000 0.026046
1.425000 0.027613
1.475000 0.029257
1.525000 0.030979
1.575000 0.032781
1.625000 0.034664
1.675000 0.036628
1.725000 0.038677
1.775000 0.040809
1.825000 0.043026
1.875000 0.045329
1.925000 0.047718
1.975000 0.050193
2.025000 0.052755
2.075000 0.055403
2.125000 0.058137
2.175000 0.060957
2.225000 0.063861
2.275000 0.066850
2.325000 0.069921
2.375000 0.073073
2.425000 0.076304
2.475000 0.079613
2.525000 0.082996
2.575000 0.086452
2.625000 0.089977
2.675000 0.093568
2.725000 0.097223
2.775000 0.100935
2.825000 0.104703
2.875000 0.108521
2.925000 0.112386
2.975000 0.116290
3.025000 0.120231
3.075000 0.124202
3.125000 0.128197
3.175000 0.132210
3.225000 0.136236
3.275000 0.140267
3.325000 0.144298
3.375000 0.148321
3.425000 0.152329
3.475000 0.156315
3.525000 0.160272
3.575000 0.164192
3.625000 0.168068
3.675000 0.171892
3.725000 0.175657
3.775000 0.179355
3.825000 0.182978
3.875000 0.186519
3.925000 0.189970
3.975000 0.193323
4.025000 0.196572
4.075000 0.199710
4.125000 0.202728
4.175000 0.205620
4.225000 0.208380
4.275000 0.211001
4.325000 0.213478
4.375000 0.215803
4.425000 0.217972
4.475000 0.219979
4.525000 0.221820
4.575000 0.223490
4.625000 0.224985
4.675000 0.226301
4.725000 0.227436
4.775000 0.228385
4.825000 0.229148
4.875000 0.229721
4.925000 0.230105
4.975000 0.230296
5.025000 0.230296
5.075000 0.230105
5.125000 0.229721
5.175000 0.229148
5.225000 0.228385
5.275000 0.227436
5.325000 0.226301
5.375000 0.224985
5.425000 0.223490
5.475000 0.221820
5.525000 0.219979
5.575000 0.217972
5.625000 0.215803
5.675000 0.213478
5.725000 0.211001
5.775000 0.208380
5.825000 0.205620
5.875000 0.202728
5.925000 0.199710
5.975000 0.196572
6.025000 0.193323
6.075000 0.189970
6.125000 0.186519
6.175000 0.182978
6.225000 0.179355
6.275000 0.175657
6.325000 0.171892
6.375000 0.168068
6.425000 0.164192
6.475000 0.160272
6.525000 0.156315
6.575000 0.152329
6.625000 0.148321
6.675000 0.144298
6.725000 0.140267
6.775000 0.136236
6.825000 0.132210
6.875000 0.128197
6.925000 0.124202
6.975000 0.120231
7.025000 0.116290
7.075000 0.112386
7.125000 0.108521
7.175000 0.104703
7.225000 0.100935
7.275000 0.097223
7.325000 0.093568
7.375000 0.089977
7.425000 0.086452
7.475000 0.082996
7.525000 0.079613
7.575000 0.076304
7.625000 0.073073
7.675000 0.069921
7.725000 0.066850
7.775000 0.063861
7.825000 0.060957
7.875000 0.058137
7.925000 0.055403
7.975000 0.052755
8.025000 0.050193
8.075000 0.047718
8.125000 0.045329
8.175000 0.043026
8.225000 0.040809
8.275000 0.038677
8.325000 0.036628
8.375000 0.034664
8.425000 0.032781
8.475000 0.030979
8.525000 0.029257
8.575000 0.027613
8.625000 0.026046
8.675000 0.024554
8.725000 0.023136
8.775000 0.021791
8.825000 0.020515
8.875000 0.019309
8.925000 0.018170
8.975000 0.017096
9.025000 0.016086
9.075000 0.015139
9.125000 0.014252
9.175000 0.013424
9.225000 0.012653
9.275000 0.011938
9.325000 0.011278
9.375000 0.010671
9.425000 0.010117
9.475000 0.009612
9.525000 0.009158
9.575000 0.008751
9.625000 0.008393
9.675000 0.008081
9.725000 0.007815
9.775000 0.007595
9.825000 0.007419
9.875000 0.007287
9.925000 0.007200
9.975000 0.007156
10.000000 0.007156