0.000000 1.000000 
0.100000 0.914500 
0.200000 0.837122 
0.300000 0.767096 
0.400000 0.703722 
0.500000 0.646368 
0.600000 0.594463 
0.700000 0.547489 
0.800000 0.504978 
0.900000 0.466505 
1.000000 0.431687 
1.100000 0.400177 
1.200000 0.371660 
1.300000 0.345852 
1.400000 0.322496 
1.500000 0.301359 
1.600000 0.282230 
1.700000 0.264918 
1.800000 0.249251 
1.900000 0.235072 
2.000000 0.222240 
2.100000 0.210627 
2.200000 0.200118 
2.300000 0.190607 
2.400000 0.181999 
2.500000 0.174209 
2.600000 0.167159 
2.700000 0.160779 
2.800000 0.155005 
2.900000 0.149780 
3.000000 0.145051 
3.100000 0.140771 
3.200000 0.136898 
3.300000 0.133392 
3.400000 0.130220 
3.500000 0.127349 
3.600000 0.124751 
3.700000 0.122400 
3.800000 0.120272 
3.900000 0.118346 
4.000000 0.116603 
4.100000 0.115026 
4.200000 0.113598 
4.300000 0.112306 
4.400000 0.111137 
4.500000 0.110079 
4.600000 0.109122 
4.700000 0.108255 
4.800000 0.107471 
4.900000 0.106761 
5.000000 0.106119 
5.100000 0.105538 
5.200000 0.105012 
5.300000 0.104535 
5.400000 0.104105 
5.500000 0.103715 
5.600000 0.103362 
5.700000 0.103042 
5.800000 0.102753 
5.900000 0.102492 
6.000000 0.102255 
6.100000 0.102041 
6.200000 0.101847 
6.300000 0.101671 
6.400000 0.101513 
6.500000 0.101369 
6.600000 0.101239 
6.700000 0.101121 
6.800000 0.101015 
6.900000 0.100918 
7.000000 0.100831 
7.100000 0.100752 
7.200000 0.100681 
7.300000 0.100616 
7.400000 0.100557 
7.500000 0.100505 
7.600000 0.100457 
7.700000 0.100413 
7.800000 0.100374 
7.900000 0.100338 
8.000000 0.100306 
8.100000 0.100277 
8.200000 0.100251 
8.300000 0.100227 
8.400000 0.100205 
8.500000 0.100186 
8.600000 0.100168 
8.700000 0.100152 
8.800000 0.100138 
8.900000 0.100125 
9.000000 0.100113 
9.100000 0.100102 
9.200000 0.100092 
9.300000 0.100084 
9.400000 0.100076 
9.500000 0.100069 
9.600000 0.100062 
9.700000 0.100056 
9.800000 0.100051 
9.900000 0.100046 
10.000000 0.100042 