0.000000 1.000000 
0.100000 0.431091 
0.200000 0.412205 
0.300000 0.381457 
0.400000 0.354080 
0.500000 0.329356 
0.600000 0.307039 
0.700000 0.286893 
0.800000 0.268707 
0.900000 0.252291 
1.000000 0.237472 
1.100000 0.224096 
1.200000 0.212020 
1.300000 0.201120 
1.400000 0.191281 
1.500000 0.182399 
1.600000 0.174381 
1.700000 0.167143 
1.800000 0.160610 
1.900000 0.154712 
2.000000 0.149388 
2.100000 0.144583 
2.200000 0.140245 
2.300000 0.136329 
2.400000 0.132794 
2.500000 0.129603 
2.600000 0.126722 
2.700000 0.124122 
2.800000 0.121775 
2.900000 0.119656 
3.000000 0.117743 
3.100000 0.116017 
3.200000 0.114458 
3.300000 0.113051 
3.400000 0.111781 
3.500000 0.110635 
3.600000 0.109600 
3.700000 0.108666 
3.800000 0.107823 
3.900000 0.107062 
4.000000 0.106374 
4.100000 0.105754 
4.200000 0.105194 
4.300000 0.104689 
4.400000 0.104233 
4.500000 0.103821 
4.600000 0.103449 
4.700000 0.103113 
4.800000 0.102810 
4.900000 0.102537 
5.000000 0.102290 
5.100000 0.102067 
5.200000 0.101866 
5.300000 0.101685 
5.400000 0.101521 
5.500000 0.101373 
5.600000 0.101239 
5.700000 0.101119 
5.800000 0.101010 
5.900000 0.100911 
6.000000 0.100823 
6.100000 0.100743 
6.200000 0.100670 
6.300000 0.100605 
6.400000 0.100546 
6.500000 0.100493 
6.600000 0.100445 
6.700000 0.100402 
6.800000 0.100363 
6.900000 0.100327 
7.000000 0.100296 
7.100000 0.100267 
7.200000 0.100241 
7.300000 0.100217 
7.400000 0.100196 
7.500000 0.100177 
7.600000 0.100160 
7.700000 0.100144 
7.800000 0.100130 
7.900000 0.100118 
8.000000 0.100106 
8.100000 0.100096 
8.200000 0.100087 
8.300000 0.100078 
8.400000 0.100071 
8.500000 0.100064 
8.600000 0.100057 
8.700000 0.100052 
8.800000 0.100047 
8.900000 0.100042 
9.000000 0.100038 
9.100000 0.100034 
9.200000 0.100031 
9.300000 0.100028 
9.400000 0.100025 
9.500000 0.100023 
9.600000 0.100021 
9.700000 0.100019 
9.800000 0.100017 
9.900000 0.100015 
10.000000 0.100014 