0.000000 1.000000 
0.300000 0.144808 
0.600000 0.296899 
0.900000 0.085470 
1.200000 0.146119 
1.500000 0.090966 
1.800000 0.111506 
2.100000 0.096529 
2.400000 0.103023 
2.700000 0.098841 
3.000000 0.100825 
3.300000 0.099636 
3.600000 0.100231 
3.900000 0.099889 
4.200000 0.100066 
4.500000 0.099967 
4.800000 0.100019 
5.100000 0.099990 
5.400000 0.100005 
5.700000 0.099997 
6.000000 0.100002 
6.300000 0.099999 
6.600000 0.100000 
6.900000 0.100000 
7.200000 0.100000 
7.500000 0.100000 
7.800000 0.100000 
8.100000 0.100000 
8.400000 0.100000 
8.700000 0.100000 
9.000000 0.100000 
9.300000 0.100000 
9.600000 0.100000 
9.900000 0.100000 