0.000000 1.000000 
0.400000 0.116484 
0.800000 0.443516 
1.200000 -0.236922 
1.600000 0.574329 
2.000000 -0.509098 
2.400000 0.898829 
2.800000 -0.942468 
3.200000 1.462000 
3.600000 -1.678987 
4.000000 2.423787 
4.400000 -2.935382 
4.800000 4.064896 
5.200000 -5.079049 
5.600000 6.865007 
6.000000 -8.736627 
6.400000 11.642630 
6.800000 -14.977281 
7.200000 19.794333 
7.600000 -25.625245 
8.000000 33.702978 
8.400000 -43.793076 
8.800000 57.434268 
9.200000 -74.791498 
9.600000 97.925206 
10.000000 -127.681805 