0.000000 1.000000 
0.300000 0.144808 
0.600000 0.102231 
0.900000 -0.015571 
1.200000 0.131120 
1.500000 0.023279 
1.800000 0.160407 
2.100000 0.031768 
2.400000 0.168471 
2.700000 0.029503 
3.000000 0.172503 
3.300000 0.025655 
3.600000 0.176402 
3.900000 0.021570 
4.200000 0.180547 
4.500000 0.017291 
4.800000 0.184933 
5.100000 0.012785 
5.400000 0.189559 
5.700000 0.008033 
6.000000 0.194438 
6.300000 0.003023 
6.600000 0.199583 
6.900000 -0.002260 
7.200000 0.205008 
7.500000 -0.007831 
7.800000 0.210729 
8.100000 -0.013705 
8.400000 0.216761 
8.700000 -0.019899 
9.000000 0.223122 
9.300000 -0.026431 
9.600000 0.229829 
9.900000 -0.033319