0.000000 1.000000 
0.100000 0.431091 
0.200000 0.221802 
0.300000 0.209482 
0.400000 0.195474 
0.500000 0.186364 
0.600000 0.177909 
0.700000 0.170353 
0.800000 0.163522 
0.900000 0.157357 
1.000000 0.151789 
1.100000 0.146763 
1.200000 0.142224 
1.300000 0.138125 
1.400000 0.134424 
1.500000 0.131083 
1.600000 0.128066 
1.700000 0.125342 
1.800000 0.122882 
1.900000 0.120661 
2.000000 0.118655 
2.100000 0.116845 
2.200000 0.115210 
2.300000 0.113733 
2.400000 0.112400 
2.500000 0.111197 
2.600000 0.110110 
2.700000 0.109129 
2.800000 0.108242 
2.900000 0.107442 
3.000000 0.106720 
3.100000 0.106068 
3.200000 0.105479 
3.300000 0.104947 
3.400000 0.104467 
3.500000 0.104033 
3.600000 0.103642 
3.700000 0.103288 
3.800000 0.102969 
3.900000 0.102681 
4.000000 0.102421 
4.100000 0.102186 
4.200000 0.101974 
4.300000 0.101782 
4.400000 0.101609 
4.500000 0.101453 
4.600000 0.101312 
4.700000 0.101184 
4.800000 0.101070 
4.900000 0.100966 
5.000000 0.100872 
5.100000 0.100787 
5.200000 0.100711 
5.300000 0.100642 
5.400000 0.100580 
5.500000 0.100523 
5.600000 0.100473 
5.700000 0.100427 
5.800000 0.100385 
5.900000 0.100348 
6.000000 0.100314 
6.100000 0.100284 
6.200000 0.100256 
6.300000 0.100231 
6.400000 0.100209 
6.500000 0.100189 
6.600000 0.100170 
6.700000 0.100154 
6.800000 0.100139 
6.900000 0.100125 
7.000000 0.100113 
7.100000 0.100102 
7.200000 0.100092 
7.300000 0.100083 
7.400000 0.100075 
7.500000 0.100068 
7.600000 0.100061 
7.700000 0.100055 
7.800000 0.100050 
7.900000 0.100045 
8.000000 0.100041 
8.100000 0.100037 
8.200000 0.100033 
8.300000 0.100030 
8.400000 0.100027 
8.500000 0.100024 
8.600000 0.100022 
8.700000 0.100020 
8.800000 0.100018 
8.900000 0.100016 
9.000000 0.100015 
9.100000 0.100013 
9.200000 0.100012 
9.300000 0.100011 
9.400000 0.100010 
9.500000 0.100009 
9.600000 0.100008 
9.700000 0.100007 
9.800000 0.100006 
9.900000 0.100006 
10.000000 0.100005 