0.000000 1.000000 
0.200000 0.221802 
0.400000 0.116484 
0.600000 0.075450 
0.800000 0.085593 
1.000000 0.086618 
1.200000 0.092485 
1.400000 0.094470 
1.600000 0.096720 
1.800000 0.097751 
2.000000 0.098615 
2.200000 0.099080 
2.400000 0.099421 
2.600000 0.099622 
2.800000 0.099759 
3.000000 0.099844 
3.200000 0.099900 
3.400000 0.099935 
3.600000 0.099959 
3.800000 0.099973 
4.000000 0.099983 
4.200000 0.099989 
4.400000 0.099993 
4.600000 0.099995 
4.800000 0.099997 
5.000000 0.099998 
5.200000 0.099999 
5.400000 0.099999 
5.600000 0.099999 
5.800000 0.100000 
6.000000 0.100000 
6.200000 0.100000 
6.400000 0.100000 
6.600000 0.100000 
6.800000 0.100000 
7.000000 0.100000 
7.200000 0.100000 
7.400000 0.100000 
7.600000 0.100000 
7.800000 0.100000 
8.000000 0.100000 
8.200000 0.100000 
8.400000 0.100000 
8.600000 0.100000 
8.800000 0.100000 
9.000000 0.100000 
9.200000 0.100000 
9.400000 0.100000 
9.600000 0.100000 
9.800000 0.100000 
10.000000 0.100000 